8925 21951
15924 8645
16570 31132
23001 15635
30775 31046
702 26726
21173 7480
16363 7981
22280 9330
21363 16762
378 25033
4761 15358
32018 17281
2359 27701
534 31005
27745 5342
32206 11126
8261 30382
26507 31499
21845 24901
26344 14488
169 20577
12112 3050
13214 26962
13504 31985
5828 27822
7630 4887
3063 28741
5867 32464
15307 30039
27365 370
4654 12037
1200 1864
28232 3334
15973 10209
2470 24219
8587 174
23192 8645
31894 7629
30167 21173
29101 25887
13163 20356
25264 14240
6860 9252
24186 15608
23112 21143
29539 3405
19876 27486
2825 11612
22534 2613
13137 4296
5395 2813
30888 5809
9556 2810
13711 13449
6622 2622
31574 17187
17202 16741
30759 8717
26466 32643
32327 9504
9077 9307
4249 85
31757 2770
6244 9691
24903 30627
10325 19046
10723 24659
28872 969
18853 7784
18755 13767
18170 25302
29507 16678
13279 32186
31292 10502
11775 20042
21723 8817
10779 28428
11150 16947
3759 29255
26694 15596
25043 17080
29564 28003
3679 31877
17010 5405
1106 21111
6843 2863
14453 21347
12029 19792
18235 9193
30966 10034
16108 97
29885 25619
21762 6931
8522 16015
2772 10918
27193 696
1393 15580
24267 5736
7375 8572
23086 23510
26149 399
254 8808
15765 30414
14347 6600
4878 14172
30813 31546
32369 10673
9333 23853
24306 29910
17110 25871
2498 24792
16836 19302
19435 7031
10316 26141
17275 13598
22660 11547
