29443 15677
26801 22957
30314 8654
27594 8557
25451 6323
11270 28312
891 13324
31539 9560
22650 17278
6337 11683
16624 25290
6180 5740
12694 22181
1658 31002
10264 11204
4974 12601
15129 19510
16732 15471
27511 32502
24758 22194
6865 1473
23206 9913
19271 19749
3828 3760
3201 25307
18731 30000
14835 9814
4343 6766
28255 26524
22994 19891
20635 26709
21983 5900
7572 29473
28694 10562
5011 32047
12706 12300
8895 1548
5767 20100
1764 10680
5512 25048
11890 6399
24392 23618
4809 27654
6319 19514
26035 805
5263 25578
14386 27124
20616 5346
32381 28841
14633 5133
5445 28577
31063 23011
11324 26940
22771 29409
14808 32238
28343 13366
23636 26259
10593 10432
19449 26883
29716 18998
17051 31463
31227 23207
31846 1739
19759 29219
13787 1908
29915 5304
19221 28019
9886 25760
23633 762
12080 17592
7085 16879
20041 32564
10288 20543
2494 17553
6667 5749
15341 5836
9246 9355
24924 29906
28350 22783
27037 23095
4022 32298
3957 26410
17291 20942
31805 17577
19461 10990
14983 6385
6122 12770
15365 8249
6157 24234
30375 15775
25991 12675
23812 6243
7493 22968
13819 6483
5315 16059
6042 23686
19478 8052
2366 27469
16688 15321
4348 21095
2144 15551
12352 26740
19992 19951
5044 22700
9715 7805
31332 17873
19190 15189
6175 6498
13591 30743
30496 21266
10235 23077
7406 27769
7940 14842
30336 9480
14987 3773
20389 19010
4714 6165
22947 20521
4542 23104
1310 19959
16363 8287
13116 13071
6880 30996
519 18483
26268 24911
14355 20727
5616 4453
4960 24950
12423 8291
32641 15427
23077 29089
30462 19619
24364 8346
5112 4345
27236 24314
5131 2433
18427 30969
21369 32577
22987 29672
900 14141
8412 31497
8219 26091
42 3748
26809 30438
7336 10583
24715 31974
32388 20398
6609 24048
22445 15860
20614 4042
5011 10312
6211 30898
5166 16627
8545 18511
16449 30968
22878 23784
18144 12013
27265 2260
15408 16394
24257 19506
29550 12160
27108 22234
14898 22539
7908 26259
22773 23499
5270 21894
31953 18000
15757 27890
28297 5364
30525 20514
15049 6509
5212 5020
12207 27298
26254 21660
21385 22462
2880 25792
14561 4483
32724 24069
21431 32226
16639 13042
13325 27080
31088 3859
18857 3386
947 7081
5398 5540
17236 31904
27116 10862
6471 6593
9809 8145
30599 2089
960 19433
22526 10234
25865 12811
6821 19024
17817 30808
3820 29559
11772 23442
11356 3419
20896 5423
15995 7743
14812 26540
2032 22450
8752 17700
8423 4543
27087 17441
5303 1637
15962 22194
706 24903
25583 30654
18077 30627
15970 17047
27506 15496
32714 10450
28322 17732
8256 14935
5550 29212
739 13236
23383 3905
27680 18103
14340 511
11568 20795
18789 22070
10465 30274
7510 16398
5530 19780
9222 26087
8345 7111
3416 1679
22144 19760
5513 20408
29968 7385
1300 30889
2612 9827
26578 30003
1089 20558
