29749 21428
14100 15299
25907 10144
6999 6854
30332 12602
1583 26859
22214 24351
31281 27227
27772 31837
22841 21800
12654 5939
15802 3634
30408 17689
32338 11592
9536 26624
4002 3216
19860 22747
14428 26409
7476 7006
19357 19214
2875 32518
23934 25150
20900 20825
9702 22298
1723 1391
1442 22542
27345 29873
25015 32371
15924 7393
18678 7348
13151 32603
6098 14256
20845 1434
3695 12128
23252 3837
3323 23226
3151 3019
27201 6869
18460 18806
6267 10573
360 21532
3176 9705
31752 4435
6815 10107
13417 30758
16163 21512
970 2651
823 17449
21672 29432
30068 13745
31610 28165
26648 20880
1951 23954
27041 2296
8341 12284
11163 19902
17259 31597
19382 10754
29817 29346
13083 31506
14670 5873
32768 21388
28394 19338
11642 18627
20526 11773
28051 12132
16528 22524
27037 2906
12051 28258
23750 14062
9591 8565
15596 1331
22444 616
26034 25505
18317 21029
31187 16128
20683 11593
28342 12168
12583 14703
30275 12358
24805 14257
15094 26049
20349 8300
8753 14302
22675 11332
2263 17153
1321 28264
11798 25717
27924 25623
16516 26126
19628 7524
16750 3340
8904 25398
12908 4163
27370 32402
16697 14713
18358 1309
26050 13840
12713 20188
9853 23269
32263 31039
30460 24439
21013 7006
25794 21580
22153 3970
1621 22672
16191 30183
24725 21248
31533 21696
13899 12806
8345 31100
30213 30501
27017 32584
14882 4504
21628 7893
3881 19510
15703 11099
29791 21145
674 24798
19096 4479
2804 26544
9549 30320
16044 12599
12783 21154
18914 4592
10619 25881
15006 15540
