17806 20905
12276 21953
2477 21924
23766 30840
29888 26925
2464 26991
23254 8454
13431 13705
496 21577
24320 26838
24931 19614
26843 24678
28797 18097
29549 28251
18539 22244
13027 1090
7514 1601
20595 22436
21213 15282
16869 13527
12175 17780
14931 29722
29689 5833
6189 17634
22710 3565
29823 17262
14292 22092
14199 3233
25982 15090
22050 17425
31704 32067
7542 16476
7723 1004
11925 20923
30530 30233
4176 22233
30484 5865
31210 5093
5027 29982
15135 32741
4387 17178
25957 31822
5471 27399
6770 10962
2649 13141
9214 21882
5168 1897
14538 7412
7751 14483
4833 24878
17316 19265
15134 6180
5782 9331
11758 1782
2971 11119
15703 4413
2944 13238
21562 4767
28874 17206
32469 30369
29781 2241
23691 701
19771 5822
24296 1717
2039 13855
31200 26406
22731 26003
10583 13920
27999 22780
28647 20341
426 3363
13021 10128
15381 17322
6020 18824
5342 31555
17831 12213
19643 14368
13137 28675
14017 12459
24023 28228
22915 12918
5144 2251
11134 21365
13828 29494
28341 17259
3419 13195
28568 20898
9143 30087
11050 31455
14797 10290
8291 5013
17392 6583
20691 25177
4055 1395
13449 16022
30623 18508
9523 1922
17939 12100
1159 1872
12332 5197
8673 5800
2004 15712
9005 5204
3055 12745
29959 1340
31132 31173
1569 28820
17080 31822
20965 19540
3493 28470
32348 3560
25161 3443
4431 13097
10329 1978
172 22413
23255 25423
8746 10650
5337 15131
15920 21665
23437 5887
18932 12968
18810 19816
3296 23208
32520 8995
13625 24313
31811 7539
8194 20490
18396 14945
22558 22357
1904 852
4278 32402
27917 11745
7898 30507
7667 16100
13931 30193
30359 25552
28216 30477
