23726 31131
20766 19903
14927 4863
24276 19131
29296 2333
25483 27167
13719 9104
22399 17522
7819 29742
4446 22633
19454 16002
19719 19968
15727 29565
3985 28618
30543 5480
3215 20101
12899 6173
28818 17138
6761 4471
13552 16868
24574 19975
24772 13974
8639 7688
23350 22337
28847 28309
13053 10222
29657 794
32546 8073
28470 25353
15622 9016
12752 20430
20390 19435
12072 22276
1054 10803
18389 21737
16236 31831
1391 31503
14711 2725
19883 12117
26960 7686
20679 22294
1719 17621
14121 25248
17633 23025
21059 11496
10872 529
21689 892
10980 4952
21958 27320
25801 6954
9180 29245
10704 30269
10890 11679
13227 12019
28579 9566
10835 5607
27549 21528
24468 18629
16695 1020
25548 7008
6238 8322
22512 5886
8274 20569
8399 1014
32005 27553
24475 12670
9156 8795
21413 28606
27416 26398
2408 28713
20975 29195
31433 12
16887 28675
1181 20839
20811 12823
21868 17917
18257 28991
14708 28839
26850 31311
26609 16621
20396 22056
13724 3287
20693 16939
20594 27905
14049 3316
26806 7918
21206 11076
27449 24990
10398 6462
12505 99
15020 23511
18248 32752
14563 13960
14095 8627
5811 26949
27346 12645
19589 2739
7125 20703
18521 21142
26559 13871
20909 26760
29598 4075
25761 2801
16428 965
18522 8755
4945 31584
25764 5157
6888 13154
6875 27587
11462 16587
9739 10532
18424 133
18006 19884
15181 9531
15254 30850
5397 22383
21316 10052
16423 7111
3481 28410
29225 29608
7666 16713
20235 27654
19065 4586
26069 3707
28418 28762
27299 26774
10035 27090
20973 7541
25576 18297
12556 13718
28629 31961
2042 8426
10094 23183
22618 7979
26627 22855
11704 624
31280 4328
31505 32767
31604 12300
29078 866
2848 1971
13485 14269
15987 32568
3897 15198
8195 1156
3611 12694
15966 19585
9209 9927
3570 30673
14909 31423
