32607 30085
17118 442
833 28423
25042 1567
28409 30981
27244 27431
15800 10077
19467 23246
18803 9221
7403 32709
11239 10584
9033 29288
12507 30381
31175 29168
15781 29486
21265 15850
20975 29416
8385 9192
1467 21022
8576 5494
10405 23267
6766 23119
26216 10472
16325 13009
5284 32658
4281 32431
3551 17999
10914 15334
15817 7979
22364 29170
17092 19358
23278 23873
18595 21416
17515 28392
178 8992
17942 29845
23287 4426
22729 31940
25784 1703
11928 19254
28734 13585
14513 29087
27096 5639
17542 24736
32290 9029
29743 1268
30086 32151
5641 17646
26884 30192
8100 29219
13359 11446
20444 868
18552 15201
15429 10991
17839 7236
19917 7397
31687 17578
28828 6655
14810 9509
31551 4733
3692 1059
4358 30048
23796 26306
938 32729
27801 31718
30771 8449
21561 15752
21273 17866
26543 15441
12202 8502
2646 18791
26283 17607
2761 29319
26690 7478
27629 1108
27924 10088
16178 1774
17066 29085
29717 26823
14105 15595
16618 19378
26594 21227
2264 10301
30743 25522
25381 15169
29119 2
10163 29111
22140 962
9419 18125
9067 1196
25114 18490
19532 6470
5369 13518
29155 3091
10738 26957
22429 20234
1919 3965
23671 17223
28180 17278
31516 10497
6496 9050
5453 19388
1745 31965
3718 16063
1366 3495
31199 15817
29288 2431
24368 1536
18507 23274
23416 15146
24977 20988
8320 11551
5601 13679
6075 4478
5110 27122
11377 1440
7402 9155
284 27850
1205 22144
5139 32423
7153 22331
5989 6645
26336 25804
8 12158
17839 2667
4147 22858
29180 4222
24840 29203
30103 28591
12150 16633
32389 31298
28766 3447
13387 12197
28660 12182
29289 28233
105 28768
3108 30641
31687 20120
32136 31433
7452 31656
11694 6264
29914 9435
9787 5752
31870 23756
25641 13414
3440 14623
9674 22293
16170 30830
23049 32296
28829 17542
5364 14304
208 25812
11639 1842
31435 29978
26730 28701
14515 29798
21711 7738
16950 16453
15700 22933
27178 20532
21280 15803
28528 17751
30155 26388
9503 8814
15534 2675
26078 16388
9566 10988
22162 20713
2931 25062
15418 2787
