20664 29563
15293 7096
10171 7435
9041 25553
27965 12537
28125 27563
16840 26948
1617 9724
24295 31729
8881 4979
23516 24258
20073 17564
10896 30790
28386 13059
24784 25106
30290 13724
8629 8269
14552 5218
15204 29298
6088 32575
19704 8529
30532 27692
2237 28247
12812 8345
26271 2064
32662 27151
23266 10218
98 18964
25875 15676
25736 6479
2878 18822
24723 26092
5473 20987
25745 4418
7457 2620
18795 28851
17852 7271
26739 30164
12351 12880
20796 8654
32761 9230
4526 18437
815 28602
17497 25591
21521 24179
22794 1638
1517 31397
19356 7609
12963 15243
15633 7584
31833 2547
8930 18935
22383 578
146 10477
12469 6071
24457 24677
17372 31988
31008 668
13867 30138
18169 3596
18803 30196
28049 9361
15173 12791
13592 15819
9314 1032
1152 22723
27763 19230
4820 28881
9723 9962
17099 14781
26249 13589
23709 26404
28466 13257
6677 797
14654 11634
14567 6173
15138 4550
1861 12824
31151 24579
7853 31465
14728 18039
16645 30196
25817 23366
3049 7946
31046 21096
30276 28813
4642 21745
19485 5332
25314 23957
7348 18128
13777 15979
20174 9712
17157 13297
20301 323
29585 10577
3587 24029
25852 4578
15560 15483
16626 31730
1226 25194
15674 16579
9765 10660
22504 30163
13748 7229
9172 864
27942 24317
14666 1068
16724 12111
7939 21118
13009 30809
16212 26217
3267 17261
15782 26960
1522 1952
16422 8874
30751 7352
446 8707
8599 21836
16451 19011
9480 1062
23280 8755
15250 28908
13587 3645
19745 32768
12550 22388
25339 4516
22369 9172
10389 23650
32366 17354
28331 18091
1501 30967
25743 958
31417 6705
31682 30667
14235 14538
10689 10072
21790 11029
31777 13797
32402 8231
13022 14283
32501 8411
21745 23402
6687 8729
29472 11651
1596 3159
3354 31971
6527 23647
19651 8514
21 16723
3021 10602
3672 23535
22408 13468
838 783
26363 31535
20273 12657
14131 19066
12983 187
16859 30708
18933 21952
525 3994
22520 8703
15208 16785
26228 24172
14179 21261
3513 9076
27872 5745
30946 571
17925 11960
31312 808
30791 8723
17495 28067
8903 32723
6710 15645
9954 7562
3405 26449
28419 12141
6794 22474
6076 16381
15397 17574
12054 19175
