26585 7020
23784 5046
22620 23142
9551 13844
27374 20712
18376 27739
7305 27598
10585 13541
31618 7126
21775 774
18039 20646
12949 12854
30595 9489
2821 13426
4019 8342
20478 32735
14014 12841
22775 32689
752 18487
2771 3147
32104 10724
7605 11943
13955 30103
29973 13049
32408 26808
15892 20111
5862 21688
18444 23804
28362 25938
19308 30837
16694 7185
4803 29051
9822 9491
14874 27067
28084 26892
30855 5682
21527 141
10239 27796
27207 27783
32620 16367
16285 14347
13055 4235
9465 26451
28360 4886
7163 22534
24452 13053
18038 30392
15798 5149
27169 28080
3833 22427
23696 12527
4500 10256
27491 2926
1615 20714
5310 4518
19589 25871
9209 7509
1147 14531
1688 13952
11248 13003
28029 3508
26869 14546
3676 27538
30463 15117
6512 14731
27195 8987
14188 2023
15649 10799
9141 13580
23628 23152
14030 6653
9353 16288
29971 24609
1838 2812
30123 25670
18605 11876
13752 19173
3432 12988
11216 10663
10439 19858
12209 27177
25224 31233
2608 18940
9815 6357
16755 7153
20895 23535
30048 11923
5023 236
24661 31732
5056 7937
20506 1709
21030 3113
11028 2080
30341 7555
21947 21504
310 18165
3150 5396
4746 24086
1221 18231
15454 1099
27911 4772
4591 31792
6493 27760
27120 28217
30502 8280
1754 24729
6093 10173
6532 26210
26617 29165
20979 18926
26371 420
29299 13951
29357 979
6374 9506
31505 17311
12893 4313
13015 8109
19685 13816
4011 25757
15268 24784
12014 12500
16676 3979
29356 17791
13294 27479
27343 26836
20827 23751
24210 15771
12967 16245
2616 13294
6215 30957
25853 30525
32636 30406
845 32149
13865 22546
26932 7201
24802 17913
24854 17649
10053 16288
10912 20986
31373 23888
5630 350
10852 20180
24398 1774
15353 6434
24149 22253
14163 22334
24177 3607
24293 604
13007 6882
1378 1349
23262 3076
30162 7931
19204 10293
8678 22688
11663 13110
2696 4756
12270 1042
5815 27870
12321 20644
19602 3789
24174 21081
8370 4574
10070 10296
20413 5089
31175 6687
30264 13400
15763 8527
23197 288
3617 23082
7598 5715
3427 17212
17672 30060
25351 28025
21499 22444
15346 453
26265 32701
24042 16314
781 20118
9106 22949
5423 8094
29852 20945
18517 12308
3642 15625
13163 5550
12245 3672
2886 2176
2 20499
20277 1056
15794 28185
9177 1032
4520 30042
20535 24379
5169 27798
