14641 6497
21959 11700
31958 2154
26318 5062
26930 2268
19257 27872
8346 11701
25503 19
4342 29633
23254 5812
30315 1553
23990 1130
28984 9897
32 30085
13022 3961
29503 30609
1668 24463
28942 28715
14489 26762
283 30228
8635 28754
31370 16516
22744 15110
26460 8385
20627 28982
11506 14831
25577 13907
7628 27434
5652 867
22679 8146
2479 6649
6247 31270
29468 9061
23105 3093
2595 20520
31708 4688
16091 2987
14248 26020
13774 6192
8720 5767
20312 9992
3068 26353
15952 16646
28315 5741
29162 4917
17503 13423
22236 29638
29513 27880
13248 13132
11366 792
9402 3628
25754 28323
31322 21070
19100 20200
32708 3353
24130 10382
27662 21919
3327 8543
745 1812
30634 11866
10372 32645
17792 26627
27821 14022
10349 30974
20794 16813
30343 23260
20391 5501
31963 21813
25088 8101
28525 29431
4865 1451
6778 25085
22909 8547
14592 28900
17148 3428
5249 7962
12712 21948
20995 29495
12650 8419
4187 2961
10320 25838
15275 7434
26162 32005
14890 21549
22421 13079
22051 19578
24527 4556
2369 4605
7788 4796
3337 24870
9169 31966
21672 6356
22815 1859
21487 4787
8026 5124
14236 21960
27083 6009
29403 22346
22434 32683
17932 15796
4320 12300
8903 23064
27252 25958
4381 19382
5540 5650
31265 461
24239 8810
31656 4017
16049 27008
10572 1822
17606 5649
24247 19660
6770 14260
1822 6979
10049 31831
32267 10225
6058 7660
28000 7802
19257 22624
19609 26191
28142 31693
25937 26242
16608 28400
263 15321
22053 13789
9251 5409
17398 20721
31284 10692
4879 2057
22396 32414
27733 30193
29614 27917
18875 26656
16886 8263
11878 26274
2618 31985
10768 30805
10144 9965
11178 30552
4176 6515
26437 2497
2683 1379
21298 4750
12956 27097
104 11999
14077 6914
21031 4962
27773 11055
22747 24078
8338 27176
21571 12308
19594 28355
8402 9234
3606 24245
5206 29834
2312 26791
3543 26260
5724 9357
15554 19663
25717 20019
25415 13981
27818 3608
6143 8080
25089 17536
19154 13087
32058 2757
4376 30878
18960 24302
31998 31597
22971 11650
1067 17263
32441 11679
14756 12733
30158 17222
24301 5532
8266 23545
4210 3501
13194 31112
4389 2404
449 24360
31079 32443
16377 5317
19756 10280
27988 13465
15706 24268
16280 14078
6259 25837
14570 12416
11892 13478
19162 13879
11261 9949
10912 23636
12465 1654
15013 761
9440 25542
11590 25934
4708 15435
17620 7889
1224 19098
21727 6893
13488 4760
26804 8911
