2698 5975
20135 18354
8527 13935
10317 29048
26486 16592
20138 28004
9386 28572
7653 19265
9835 19373
24732 10850
9824 15228
2263 22174
27374 10305
30011 13976
22025 32348
5761 28484
22090 3316
2342 24742
28226 2270
30563 24541
17935 14016
22367 21089
31532 118
22948 3721
8846 31156
7119 9552
12524 6125
29580 31064
15710 8564
26050 18223
21033 6114
7691 722
16345 8631
31335 11887
9873 14148
32561 3695
10656 5832
18258 24244
340 17369
17588 27935
24339 5637
25850 15702
22439 6842
28270 6596
18394 20067
10554 13793
26435 28884
10460 17843
32095 30952
18900 11925
27876 27496
14239 13623
2385 6447
3817 19686
27338 2188
28671 27661
13347 3560
5507 2556
32571 22441
17251 10729
25483 29014
8715 5940
19198 507
23002 14064
2307 18895
723 4766
26593 8980
15510 59
8268 2623
654 2942
28469 29017
4203 1115
15846 25253
27347 22219
4173 13955
24660 4047
11672 24724
5790 13234
14083 6175
30703 18831
8430 24499
5326 16404
16947 12302
19964 3973
28086 19006
23208 15620
19006 29958
32482 8975
23683 10627
1618 9034
30600 29455
22314 9599
1834 1638
12633 2019
26873 21512
28162 25755
18248 6622
21292 20606
10880 14367
20411 30493
13498 19829
13215 14336
15244 24156
14411 10547
13346 3019
28008 8962
9617 7447
24011 14592
5481 24852
165 17486
8841 10877
19194 25369
16952 27542
30037 4453
21361 13583
18873 16137
31869 7212
3546 1787
1736 19491
23949 27598
11501 18118
2430 15737
3859 6241
20001 3162
16764 742
30443 19835
10587 25671
16833 5139
7142 23588
5809 1104
29613 29862
26592 25427
4138 21163
19907 26749
29593 12579
13202 13289
29450 11193
10234 3641
11444 7351
9747 21910
14476 4643
27281 15346
18198 7726
10558 14992
8827 1744
13992 24263
17885 6316
31254 21507
32487 8505
15297 20236
19880 21539
9025 16011
30369 8175
31302 25802
31516 13791
1928 16059
27584 18709
5633 23612
18787 18682
31833 3481
26655 6881
14498 2642
2216 5864
29765 29983
7132 19487
1084 24882
25756 20461
14722 15548
27611 7343
5576 17586
31476 17313
14442 26065
4161 30210
6049 12000
489 10611
23034 14389
17145 23457
25607 9338
32439 14627
28244 7857
32307 11174
14236 31094
3102 4935
10045 21380
19167 12096
29674 25979
12516 31175
8864 23777
7990 31539
29147 26726
18001 22625
1289 22892
19762 8278
25663 32454
28337 7461
9259 7360
273 11283
19018 9824
7126 24826
16730 7148
20438 30955
29203 12972
9619 24599
21522 10737
21960 20208
2838 29015
28738 17035
25710 1094
25841 21577
18610 7871
9023 13494
30130 12117
