346 5746 287
287 1 23
1 287 34
336 312 79
296 171 67
115 226 35
51 323 49
76 221 11
164 78 38
155 130 19
321 225 99
263 117 85
323 15 55
108 225 17
43 200 27
235 286 80
94 115 77
91 168 46
91 183 2
312 188 76
141 336 39
98 45 80
102 301 71
184 257 64
85 340 37
333 114 56
257 75 29
107 215 24
211 165 66
298 210 36
41 103 99
223 306 57
335 161 97
246 110 79
54 135 44
320 214 34
35 270 51
177 81 52
228 25 38
14 88 42
184 301 48
275 314 90
53 296 72
130 318 58
194 4 42
98 287 58
334 115 71
140 21 48
83 8 74
125 165 40
8 190 79
53 12 48
317 50 89
46 211 6
91 307 69
185 189 96
260 147 20
223 138 2
207 208 67
316 206 52
80 269 8
44 20 70
195 128 89
96 171 43
156 114 26
221 221 11
67 170 87
122 100 40
218 230 50
59 204 76
232 287 50
302 38 37
190 158 49
290 91 33
200 1 52
299 304 67
59 221 65
83 135 3
124 98 33
310 79 98
174 190 56
124 159 77
230 61 60
282 286 99
178 117 68
213 131 42
112 74 6
150 345 18
326 117 90
24 268 85
248 224 80
186 190 40
142 331 15
108 194 30
257 104 6
11 89 23
35 260 83
235 248 37
66 134 90
290 339 11
323 63 50
206 261 8
30 119 17
257 307 76
59 298 62
231 132 11
163 56 59
199 279 4
224 192 52
192 35 47
330 13 36
329 203 56
112 308 96
89 66 35
7 337 53
264 343 41
13 85 36
32 240 62
229 212 53
116 47 25
196 96 20
272 99 21
313 113 18
321 259 68
192 207 2
221 162 79
199 52 14
274 258 66
84 233 62
171 280 83
262 338 39
340 45 92
27 326 97
332 146 65
211 21 80
331 300 81
66 193 48
229 317 1
235 128 28
298 171 66
289 235 18
273 4 45
265 121 78
230 249 94
288 181 8
121 26 97
265 144 86
234 74 32
79 305 33
172 293 38
92 189 85
270 15 58
220 299 65
114 158 43
3 11 90
15 104 20
48 106 2
232 298 75
296 8 60
274 125 17
172 135 34
60 252 47
301 334 72
153 185 48
52 21 70
208 269 73
234 264 41
333 47 1
143 29 24
239 10 16
212 217 88
312 106 65
203 151 70
12 83 34
39 136 30
243 51 41
310 90 41
34 163 58
100 4 20
343 192 33
292 307 35
268 324 47
322 222 61
222 177 47
190 89 16
91 335 43
9 18 42
186 267 80
44 275 69
5 177 58
199 305 51
127 217 45
95 295 40
316 121 12
4 1 95
317 50 17
301 92 34
139 345 53
257 2 11
304 317 100
193 333 12
275 237 46
187 264 96
175 225 42
123 258 95
229 59 6
337 45 98
72 31 59
38 159 1
260 202 98
248 294 60
169 24 7
170 89 1
299 145 83
65 57 76
58 232 64
256 289 28
203 291 15
24 275 55
10 243 80
132 191 40
55 236 30
141 219 47
327 41 86
150 43 49
320 131 88
263 252 89
258 287 65
234 165 68
216 298 21
194 79 76
288 142 70
13 265 66
24 213 37
252 76 95
120 238 49
306 172 32
291 218 52
49 307 96
77 219 14
97 254 33
183 298 72
50 245 69
181 303 74
1 87 38
97 204 60
127 172 81
124 37 96
125 227 72
34 303 57
84 316 83
315 115 67
16 339 8
230 283 25
177 126 65
126 298 75
222 183 22
211 80 61
305 304 4
335 265 6
112 117 7
336 140 54
146 128 17
155 214 98
192 9 84
145 46 65
168 73 86
113 271 49
111 138 40
250 150 26
73 145 97
97 125 7
222 67 65
308 177 11
56 172 36
7 93 24
67 177 61
229 326 25
296 307 58
248 218 86
133 100 41
51 212 10
274 322 33
135 107 65
174 166 69
247 309 72
207 67 86
288 325 81
145 301 18
297 232 82
76 17 9
64 49 83
166 340 43
18 296 69
1 101 69
10 280 17
336 141 44
132 328 13
87 290 28
106 293 47
125 110 40
296 39 81
82 224 97
29 49 68
197 69 82
219 304 90
304 24 33
268 200 55
261 335 99
21 263 86
29 322 16
114 252 100
246 100 93
161 166 41
149 212 42
265 225 20
229 222 33
142 14 31
198 51 28
259 274 1
222 131 73
21 169 24
249 76 51
232 108 72
127 31 7
143 53 30
313 335 23
42 32 83
271 247 92
232 130 76
48 256 84
304 30 24
315 248 36
154 159 18
337 105 8
148 139 98
157 231 93
317 172 73
308 82 25
116 335 40
103 19 33
170 284 97
36 303 99
91 304 77
50 243 70
121 288 35
149 212 77
136 285 25
84 87 39
165 162 60
322 337 14
312 261 55
59 145 29
334 246 97
137 148 27
265 204 37
257 342 21
167 21 92
90 243 66
69 303 66
208 291 51
337 341 32
197 12 11
73 86 97
169 60 99
139 344 75
184 291 29
208 251 26
78 235 23
128 42 37
131 254 96
274 62 96
164 46 85
303 76 90
186 249 85
103 38 92
46 290 48
142 220 76
313 225 18
280 227 49
285 163 33
175 340 70
7 276 25
319 298 90
293 9 57
50 324 79
342 268 81
335 170 80
63 302 4
131 4 74
203 202 22
150 247 23
96 61 77
307 233 15
342 139 97
4 135 42
241 232 9
149 321 17
35 43 4
320 204 60
123 17 53
273 12 19
99 142 77
108 246 67
205 328 45
49 40 100
94 27 47
331 194 52
289 207 84
135 69 51
188 270 35
290 336 2
144 198 18
310 267 6
222 215 91
175 39 47
122 51 68
98 141 83
112 121 98
65 35 26
236 57 39
99 189 25
162 346 60
337 155 70
322 202 75
48 175 55
116 156 81
286 83 33
217 124 89
141 110 6
183 240 39
329 321 13
75 216 21
271 156 92
228 44 85
257 332 10
126 280 96
146 252 33
283 146 76
286 190 12
77 21 83
232 185 65
302 271 6
102 42 88
55 331 26
87 317 45
283 82 51
228 27 73
330 345 18
343 61 34
295 143 82
148 328 66
50 332 1
313 346 99
150 70 41
331 245 4
32 118 92
266 88 39
282 185 40
325 74 17
346 303 68
278 145 92
4 301 16
9 195 77
72 177 36
57 40 37
157 109 99
94 239 1
212 34 2
202 288 17
174 101 95
77 327 32
118 327 66
258 57 96
314 104 15
237 247 93
100 120 8
5 322 57
16 47 84
142 34 67
300 325 30
186 276 83
139 217 80
239 285 33
40 27 35
187 59 82
113 282 73
226 271 97
177 127 1
169 75 68
260 92 18
55 188 79
28 165 18
30 113 97
62 133 15
159 286 96
212 66 73
309 323 79
249 344 20
150 49 26
306 189 13
175 18 28
33 179 10
109 141 48
231 143 25
110 74 26
122 47 86
327 74 76
30 253 67
19 38 77
235 104 93
170 144 69
219 103 5
285 78 53
13 194 29
242 50 63
16 82 37
35 47 27
77 209 53
136 335 66
196 241 81
21 120 45
146 214 32
277 118 88
165 131 53
147 340 12
337 201 42
296 249 47
65 276 88
304 249 77
148 5 26
154 10 25
304 77 53
239 280 52
98 338 75
202 80 19
71 48 100
207 147 67
318 328 72
341 192 18
244 76 75
253 157 78
59 50 55
238 172 73
291 3 16
295 345 73
101 204 30
340 59 65
11 18 16
280 14 8
332 55 84
50 329 1
225 133 36
16 152 57
190 317 35
191 97 77
256 47 57
287 32 36
93 158 12
262 272 80
256 229 99
104 208 40
242 173 9
30 251 12
226 133 47
114 85 16
22 106 70
37 306 45
160 8 84
29 94 24
76 152 89
73 151 7
205 289 64
260 243 38
31 226 12
49 220 32
291 160 49
241 110 56
20 102 8
83 172 64
322 113 73
138 272 71
122 24 10
143 120 88
324 96 40
126 79 95
324 282 49
26 136 14
224 10 100
77 4 84
269 203 21
9 26 32
328 99 5
312 150 2
301 315 99
111 125 39
111 271 20
320 62 14
124 244 78
228 242 74
204 95 82
141 192 5
249 131 78
168 273 45
278 208 88
59 170 1
27 131 66
114 318 24
330 325 42
344 113 88
15 172 68
54 293 37
228 190 88
88 199 64
157 46 96
59 92 63
278 84 19
330 205 73
128 266 59
29 322 43
341 137 79
130 166 82
287 102 99
71 262 7
129 138 61
292 101 53
85 225 97
134 14 12
27 244 20
77 11 29
313 162 28
334 41 98
207 202 60
181 31 19
124 138 58
156 287 49
36 159 87
234 122 37
327 201 80
31 74 43
80 264 47
55 244 64
302 147 90
204 229 35
243 345 12
301 344 58
162 250 77
270 34 18
140 162 47
36 110 8
187 46 32
190 316 43
8 110 70
72 158 74
1 240 31
284 261 61
133 335 62
93 186 54
33 304 27
341 9 95
10 343 60
184 137 70
305 4 34
165 226 92
173 84 6
51 131 43
171 164 51
30 254 24
276 113 33
24 167 46
12 255 87
64 255 85
22 224 67
42 28 82
230 172 12
309 223 32
311 287 41
238 13 30
277 298 77
123 239 68
151 20 85
89 189 24
219 161 64
115 323 56
74 144 35
199 65 84
242 338 12
3 180 55
142 87 94
182 278 74
276 20 60
82 310 69
229 123 87
108 130 94
70 27 50
128 213 10
119 81 74
168 244 15
263 153 50
176 15 70
144 318 16
119 98 34
26 154 86
208 171 95
228 133 24
198 241 74
89 237 59
119 306 7
283 234 50
328 233 68
4 139 23
105 21 35
207 253 68
272 50 43
115 73 86
144 115 80
326 299 39
334 271 46
180 158 53
225 24 62
13 212 83
115 183 85
291 260 24
19 195 9
303 56 35
88 287 4
313 147 34
186 271 67
211 250 93
236 283 26
126 324 6
235 332 9
32 177 56
99 264 29
22 219 2
119 329 88
269 333 77
179 112 76
273 152 83
312 91 33
142 227 58
48 285 20
116 344 38
166 304 23
243 84 78
15 171 49
324 202 66
288 338 54
157 1 18
264 210 22
267 51 75
61 127 65
113 125 1
299 271 25
296 244 58
306 248 13
319 279 34
59 280 44
156 211 65
331 105 72
71 82 86
333 11 29
292 156 90
210 73 41
203 221 28
313 148 98
307 106 88
31 43 98
217 217 24
184 2 51
269 109 59
288 28 40
173 330 34
255 32 60
12 168 63
10 98 52
100 187 22
158 186 78
289 160 84
114 328 73
325 82 82
247 142 10
331 315 69
126 264 68
298 88 91
246 183 56
335 331 2
83 267 91
133 16 62
20 130 57
314 152 37
151 225 37
107 343 75
208 89 86
86 99 88
225 129 90
217 227 47
6 12 50
201 270 8
197 48 3
94 101 70
277 277 97
139 183 75
110 313 90
239 200 59
43 180 77
189 340 99
190 247 57
202 269 14
242 50 24
207 316 95
278 57 80
254 281 68
62 337 17
11 163 18
174 166 21
239 233 59
325 178 25
114 244 57
27 188 46
227 336 6
194 66 80
330 186 14
49 57 9
274 63 60
239 216 78
316 253 56
105 108 52
168 4 20
306 221 63
21 128 18
294 318 58
264 327 44
155 297 92
227 208 77
128 146 64
146 87 16
54 267 46
289 5 12
345 34 57
297 77 53
264 19 39
271 54 96
78 43 48
171 290 12
197 127 34
265 15 18
240 156 70
202 26 54
242 211 32
215 116 11
111 72 27
150 342 1
340 131 21
43 100 66
272 166 2
193 195 63
2 269 37
173 93 31
165 173 77
105 4 100
225 244 59
131 82 17
341 101 74
214 295 18
3 66 36
215 87 33
310 310 60
18 181 18
96 346 20
188 252 83
246 136 99
79 141 10
18 342 3
200 318 84
232 43 57
123 193 3
214 335 29
246 237 25
52 75 69
28 324 46
214 198 21
259 145 50
336 50 82
194 235 66
148 330 5
158 117 3
312 49 74
90 120 48
318 4 9
60 96 36
18 236 83
231 142 38
154 258 13
78 38 71
135 224 71
80 35 64
34 211 85
73 170 79
36 192 75
204 231 58
69 311 72
146 206 39
61 144 62
310 165 64
20 18 91
202 255 47
188 52 74
159 18 87
337 20 99
106 216 16
302 164 17
204 341 69
300 100 27
277 60 78
220 10 33
35 6 29
51 262 31
100 45 61
64 155 73
2 88 59
304 328 33
269 93 62
18 93 59
228 83 24
290 201 70
183 279 11
52 276 85
220 176 24
330 172 98
91 182 27
141 86 64
160 7 4
302 269 3
241 229 62
23 152 87
318 194 29
89 17 18
273 242 83
333 93 97
229 85 77
201 338 66
230 188 88
232 206 42
214 134 45
36 143 69
143 342 99
217 156 74
312 249 15
27 1 54
343 334 64
154 142 29
39 301 90
338 285 58
164 151 27
73 118 46
50 53 62
318 177 21
86 198 25
181 332 27
115 25 84
72 210 64
37 220 5
231 6 44
263 70 47
302 290 24
73 251 33
203 301 80
8 117 46
28 88 15
318 107 91
75 151 70
58 143 1
43 106 5
3 9 61
305 268 38
104 306 87
227 2 24
20 25 69
54 277 15
229 85 4
237 320 26
274 218 5
137 238 48
101 220 65
77 250 21
250 46 60
156 212 17
114 227 100
104 182 86
95 328 81
326 72 21
41 242 89
154 199 39
148 81 40
227 18 3
309 88 43
266 316 79
27 187 53
239 205 42
331 209 68
13 152 14
7 86 93
271 41 86
274 222 23
313 247 76
118 319 84
2 120 15
322 194 82
85 281 32
117 308 19
8 274 7
342 307 36
71 3 66
316 216 75
74 320 48
121 22 92
275 110 19
169 196 3
22 37 100
324 276 60
245 312 45
113 278 9
321 172 22
47 227 31
296 159 10
296 300 87
77 165 86
212 232 1
9 131 4
258 134 75
145 288 70
44 297 18
332 118 21
87 325 83
116 157 87
75 117 63
116 335 11
122 241 9
149 343 82
78 82 48
308 123 20
36 133 23
124 344 12
237 141 74
141 71 29
343 258 90
186 312 42
92 34 79
123 156 69
218 229 34
193 313 42
318 48 33
284 288 33
80 71 17
22 144 52
94 37 99
72 245 12
181 77 16
212 143 81
321 12 80
338 326 64
4 33 97
140 107 55
136 258 42
138 315 98
2 261 69
81 127 12
17 4 67
144 268 6
3 106 14
339 290 93
63 125 48
190 327 87
233 151 84
182 262 87
322 317 17
110 104 1
42 224 30
305 181 26
88 252 18
222 319 7
279 326 92
117 212 5
178 296 94
47 325 34
275 86 89
211 197 94
19 192 96
107 274 46
183 219 41
126 51 95
23 256 19
159 117 74
141 252 97
31 199 78
144 165 74
3 205 75
78 184 51
177 312 40
71 64 29
192 88 22
50 321 32
231 107 17
106 117 22
155 10 74
98 324 91
30 312 59
193 34 36
101 289 97
146 87 43
32 150 48
340 6 76
182 49 73
4 121 8
178 199 41
161 86 81
118 142 21
331 85 6
56 262 75
23 184 17
327 101 4
175 343 70
282 297 39
85 270 56
32 87 27
178 11 29
271 175 75
158 123 76
239 222 19
19 334 93
119 82 74
154 139 67
210 274 8
285 164 40
303 258 86
343 310 97
171 341 69
245 159 29
46 131 30
39 67 86
45 238 95
243 144 18
222 322 64
99 164 41
190 195 6
300 234 40
36 343 70
282 147 78
305 137 18
336 178 38
316 285 1
6 146 39
336 222 46
232 91 59
156 275 84
154 86 66
133 86 31
48 20 32
188 35 34
185 251 60
233 44 41
53 173 11
253 183 15
42 174 4
73 65 85
252 308 78
4 70 7
37 128 78
50 258 96
249 48 42
130 222 28
345 150 71
91 32 55
65 252 17
210 9 59
28 13 36
335 243 90
97 82 70
136 9 67
57 55 100
249 82 14
100 238 65
202 237 99
286 203 68
52 199 31
253 156 69
300 129 56
262 162 6
63 272 81
23 227 30
136 315 77
99 249 8
74 279 9
90 232 2
180 95 66
266 299 10
300 198 76
254 265 80
158 179 42
252 253 30
42 246 51
27 174 36
98 27 46
26 88 65
14 214 99
287 339 79
134 156 71
320 111 75
311 118 28
212 220 60
169 231 44
2 96 10
130 315 37
39 99 35
327 300 33
345 68 21
172 35 24
117 273 33
171 67 51
324 33 50
41 63 88
140 15 17
73 319 71
324 94 69
112 270 24
82 10 80
282 199 74
1 210 30
215 85 32
130 200 80
301 247 21
100 24 23
256 126 64
120 108 28
34 321 96
240 248 35
337 169 53
183 204 10
119 345 4
293 173 21
298 282 62
98 182 96
83 291 10
296 331 59
332 83 16
42 190 53
278 169 90
301 16 64
242 5 84
275 249 21
77 345 29
154 87 72
79 15 23
212 13 92
111 246 26
325 125 89
176 285 77
146 255 29
69 245 94
42 43 88
66 142 94
239 293 49
30 139 87
247 331 72
133 226 38
15 231 23
202 73 5
37 229 10
229 80 29
163 300 52
317 267 20
263 24 98
93 152 14
206 320 63
266 150 97
48 276 38
342 63 30
282 14 2
26 299 94
252 154 34
1 156 43
313 165 38
85 175 38
187 218 16
291 243 92
260 238 33
296 231 76
163 76 87
341 256 40
283 244 23
111 148 21
340 32 62
104 280 57
191 132 100
345 141 15
31 169 43
130 82 66
300 93 30
62 162 98
67 302 100
322 152 100
265 159 34
14 138 57
113 7 39
107 140 28
241 303 96
310 52 60
330 210 10
339 75 10
301 148 85
33 274 6
37 45 88
213 196 84
192 152 46
193 91 49
233 179 72
317 228 82
37 332 37
309 125 93
112 160 27
52 285 96
158 9 3
37 242 13
321 276 27
251 111 90
177 241 93
266 170 33
339 195 97
343 238 86
200 186 74
144 49 14
193 250 51
289 83 80
59 72 45
320 17 93
98 107 52
293 18 14
307 319 58
130 189 41
214 229 61
326 108 50
52 344 45
51 224 16
107 192 3
127 141 30
122 52 48
257 61 64
175 229 50
241 32 90
37 320 86
269 232 76
21 190 61
43 127 1
187 266 17
182 192 100
51 36 49
286 287 97
299 306 55
279 133 8
285 204 18
193 304 61
69 325 4
207 209 37
40 75 31
162 252 74
321 149 79
209 12 34
344 246 39
320 244 62
285 282 63
205 216 56
152 143 27
18 54 89
114 20 67
29 335 71
96 217 77
227 189 70
48 290 29
23 12 97
125 189 16
73 335 26
198 201 31
218 195 36
147 147 21
22 111 64
249 14 80
170 338 35
250 96 25
310 335 49
171 174 70
195 208 79
92 205 75
257 68 13
207 187 73
31 301 41
282 126 81
336 15 3
278 166 89
98 279 11
14 112 4
48 230 25
140 103 65
346 280 95
19 45 50
81 316 51
339 48 66
270 228 15
67 16 84
87 259 74
60 136 91
149 111 46
135 337 4
286 40 24
204 100 57
229 126 88
332 103 59
121 114 10
229 301 62
169 243 78
279 31 49
95 42 7
40 223 85
110 61 38
222 140 92
34 10 18
183 120 55
24 214 22
15 3 63
81 93 83
320 27 17
346 13 70
61 11 78
280 316 82
80 248 66
194 286 79
304 265 57
259 261 24
226 270 51
143 191 95
273 72 93
293 199 56
207 49 80
268 155 29
297 80 24
192 313 13
76 164 41
56 163 92
132 225 32
101 128 73
77 336 8
50 1 70
174 183 30
9 127 19
59 181 89
107 256 42
285 212 35
169 311 39
341 127 9
221 202 24
77 123 48
52 32 99
95 121 49
166 299 66
205 159 49
212 261 11
97 206 96
311 302 11
219 332 53
280 158 37
57 228 64
46 159 45
187 11 64
259 104 10
285 324 39
286 136 38
342 255 11
134 33 14
227 221 70
16 304 63
239 43 41
52 42 90
201 254 30
70 261 17
111 146 92
321 315 17
27 245 5
113 241 50
182 284 9
324 236 6
118 70 69
112 322 43
43 27 35
302 204 44
338 314 52
119 136 44
302 208 26
198 158 79
123 15 4
98 88 42
21 332 22
314 32 58
51 122 57
230 212 87
306 194 54
178 274 70
42 46 14
158 27 54
24 45 77
68 198 55
271 53 88
173 71 15
70 155 76
199 300 15
176 21 61
296 46 20
207 248 76
210 329 17
340 304 27
73 283 51
145 332 13
37 204 31
138 251 36
240 124 98
112 297 45
86 341 77
319 124 84
78 285 58
114 294 86
333 15 55
87 301 72
273 49 2
277 97 35
190 243 100
320 54 46
171 32 66
118 229 42
24 133 4
71 240 13
197 282 60
63 198 85
295 207 75
77 11 56
38 277 10
327 280 54
216 180 57
66 144 75
47 281 20
73 329 13
48 338 12
107 310 45
165 167 55
227 12 27
166 249 25
305 5 59
277 40 56
207 151 2
84 52 45
46 208 91
100 176 63
153 164 32
294 15 28
281 112 23
309 233 38
242 235 83
148 158 13
45 34 29
284 1 37
321 34 52
132 58 26
175 161 18
90 248 3
328 172 16
300 61 64
221 108 89
224 158 36
16 234 18
203 170 65
196 7 60
21 286 57
130 11 53
248 115 94
114 20 59
189 226 28
119 214 50
255 26 43
305 178 65
312 56 74
259 6 16
287 199 6
113 107 23
261 141 32
164 340 45
163 91 87
269 263 98
18 214 18
16 119 10
274 113 9
62 167 23
184 135 27
133 115 59
322 121 92
7 56 52
63 287 35
218 152 4
199 157 58
184 270 44
345 312 14
139 46 74
315 11 35
281 15 4
26 4 6
277 114 15
187 22 100
216 100 96
167 68 2
286 88 39
319 324 7
256 36 53
314 216 45
199 175 6
37 91 73
18 178 65
106 160 84
269 298 62
132 243 29
96 48 45
11 201 59
329 285 81
98 52 19
187 161 39
157 60 79
73 224 69
217 342 75
50 192 46
264 121 93
215 317 95
247 243 77
238 3 71
128 15 70
271 187 2
91 18 10
16 25 78
205 36 6
274 192 99
102 236 14
174 129 70
33 166 54
80 101 97
243 190 100
69 337 100
107 104 79
74 39 7
111 295 3
301 341 2
175 220 98
253 296 38
46 197 31
175 198 43
231 77 99
109 293 28
343 134 25
55 26 87
288 295 36
323 318 64
91 36 91
238 52 70
53 122 25
318 325 42
148 179 43
276 244 32
160 101 21
320 50 64
123 313 21
340 138 12
47 311 3
261 144 38
198 141 40
28 155 44
28 106 5
36 54 87
204 210 71
164 171 23
233 292 17
176 142 9
136 76 92
83 223 49
15 300 11
103 81 99
12 38 95
266 243 85
159 35 68
33 340 87
110 163 60
268 346 42
321 202 51
302 33 2
63 1 80
227 42 57
314 135 94
291 139 2
38 228 29
118 101 34
98 259 62
28 164 59
252 258 51
305 341 22
212 29 51
65 272 15
108 258 34
293 329 17
306 282 58
105 91 61
128 169 87
324 327 64
137 234 47
168 333 7
269 189 63
298 318 49
256 327 82
115 250 2
93 188 52
161 16 10
288 99 99
291 106 31
252 219 31
25 149 52
162 78 93
339 239 94
39 138 92
141 302 34
7 154 14
320 262 16
21 301 1
84 322 96
166 135 3
16 109 83
3 193 10
145 286 71
256 177 10
182 254 12
175 194 56
102 69 75
307 197 55
27 13 8
296 41 68
155 51 38
180 2 22
307 3 82
155 112 99
184 2 88
183 61 60
21 318 46
12 174 35
198 335 10
59 304 73
190 84 54
89 259 44
7 244 23
171 233 23
93 126 82
87 346 36
141 341 91
135 13 58
270 14 56
294 183 61
184 143 69
25 116 34
223 10 5
183 11 99
258 46 80
32 24 38
213 151 87
102 195 100
241 81 61
207 77 45
337 79 51
282 68 60
177 284 30
66 182 15
81 124 25
212 283 98
27 204 10
34 238 38
257 29 82
60 47 37
187 306 18
95 223 79
134 104 8
7 89 7
145 112 100
295 202 21
297 190 12
190 14 93
79 165 48
47 260 4
60 244 47
344 81 3
208 68 15
292 297 51
286 165 13
320 159 16
122 273 24
324 14 60
291 295 64
266 195 35
295 342 34
161 9 93
112 37 1
187 194 81
202 205 28
277 261 17
72 208 4
33 121 76
19 158 44
210 30 69
210 302 42
259 114 56
104 166 13
124 90 44
185 208 20
223 343 100
153 281 53
117 153 96
150 155 62
239 129 66
334 160 4
321 239 60
144 163 39
13 270 54
207 122 45
134 321 53
84 81 91
93 184 83
9 329 92
254 163 44
137 109 89
48 240 20
269 164 45
298 54 75
123 64 76
195 42 41
268 41 30
103 23 38
249 164 48
121 116 41
63 299 54
36 94 13
293 187 46
137 335 83
106 344 22
331 293 74
101 38 12
191 183 15
44 173 76
297 235 3
332 53 57
114 249 39
332 210 40
95 75 13
191 234 82
295 192 26
104 167 16
2 279 97
71 195 47
209 80 84
11 124 77
156 21 73
252 262 62
17 281 81
182 132 92
44 24 46
92 106 53
284 297 54
225 95 23
169 173 26
111 215 58
149 237 45
155 298 1
230 217 97
19 269 92
151 316 2
200 207 98
45 132 75
278 250 72
299 247 19
233 219 14
315 47 44
99 244 90
270 203 100
283 79 16
78 202 93
55 255 11
252 23 75
187 293 21
144 90 15
22 337 62
337 186 62
268 323 98
177 175 93
171 333 12
285 185 94
53 69 77
275 345 7
340 253 1
299 180 84
95 268 41
87 156 22
231 263 69
31 254 8
212 75 93
88 187 47
103 200 56
74 231 59
118 103 58
305 331 1
119 68 100
27 134 53
284 67 95
116 106 43
307 281 70
143 234 15
226 215 98
299 89 50
54 46 11
61 136 51
141 217 92
265 250 25
327 49 42
207 26 41
291 88 42
103 154 58
64 329 85
108 199 36
44 260 70
48 241 28
54 268 14
340 86 2
119 71 72
272 147 50
134 148 14
298 9 76
172 292 96
80 325 12
194 33 24
26 165 100
142 126 35
23 74 23
208 242 10
144 101 29
55 102 57
71 43 4
229 55 79
27 170 46
294 140 24
137 16 1
159 208 21
275 175 99
227 92 65
322 191 56
7 40 79
210 171 37
319 268 4
226 121 91
333 219 15
210 342 58
35 188 74
181 276 93
36 184 12
81 51 96
72 268 16
149 318 15
295 338 83
130 346 90
240 45 60
59 80 47
132 195 91
297 90 9
331 222 24
123 296 55
26 300 52
257 63 94
191 175 32
224 167 62
174 50 55
126 240 24
102 69 72
257 338 28
143 56 87
287 83 59
271 53 71
4 125 83
2 234 75
276 341 23
200 107 9
81 122 4
99 296 55
167 298 16
137 5 88
153 114 40
71 280 48
58 175 70
13 304 44
210 274 7
214 324 63
24 24 8
106 50 40
2 241 31
175 82 92
173 149 93
153 52 44
103 94 30
144 154 16
48 9 70
287 172 12
293 345 61
298 30 60
158 195 58
173 231 38
207 17 76
193 154 51
342 205 91
198 124 2
200 173 84
231 103 43
71 115 62
222 15 56
345 158 51
327 41 71
323 340 30
215 100 7
252 223 66
8 152 41
15 15 94
288 57 77
267 315 85
101 180 42
307 291 48
23 34 88
177 289 69
41 308 18
310 273 50
232 128 77
70 30 12
63 103 56
117 285 39
181 342 75
325 336 39
265 303 46
6 222 9
149 160 10
208 266 89
80 192 91
16 94 90
134 215 13
286 251 37
343 282 29
302 97 59
150 168 53
304 314 57
240 236 34
306 196 77
310 303 4
29 63 62
144 36 80
89 327 8
174 133 7
156 60 33
283 344 4
66 207 99
12 28 80
250 33 47
167 231 50
223 121 3
214 235 50
196 188 47
4 116 100
84 157 54
324 300 4
157 82 21
193 51 86
52 279 75
96 106 1
190 198 46
53 219 69
36 205 67
78 321 30
137 219 53
323 3 79
120 296 1
189 340 70
154 202 41
258 164 39
220 177 35
243 106 49
133 210 82
281 336 94
236 131 79
237 284 98
163 344 65
273 13 37
175 127 42
148 160 55
290 339 35
39 121 18
226 30 10
114 182 33
304 219 40
249 120 66
52 316 78
89 264 82
214 116 67
314 169 72
15 171 15
15 286 39
167 215 9
133 303 23
284 84 38
189 58 39
109 245 90
313 126 10
273 301 89
166 243 76
79 280 40
81 201 24
37 250 73
4 169 53
223 284 14
179 100 40
301 265 60
336 98 95
295 71 84
338 305 83
140 2 11
320 246 71
7 154 5
332 234 80
330 178 100
260 294 78
322 256 31
199 259 26
132 148 38
117 113 29
301 306 42
41 64 44
108 166 69
223 325 83
336 247 38
301 216 36
272 158 80
235 58 41
240 219 40
185 317 46
158 25 70
255 270 96
336 34 79
200 296 83
63 157 13
277 180 62
94 51 26
338 204 20
170 80 70
91 237 92
92 53 20
54 321 62
218 99 22
104 66 40
180 179 63
88 270 82
297 303 15
142 51 42
72 49 45
130 329 97
44 328 41
67 141 23
312 294 19
9 38 42
214 324 10
178 221 19
130 13 75
89 247 6
97 267 1
47 128 15
85 68 30
304 226 45
269 125 49
330 21 4
2 318 98
152 341 64
343 242 1
339 221 18
84 294 21
195 172 33
299 27 10
182 232 19
80 242 89
271 189 99
153 228 54
229 330 5
269 278 55
135 159 28
215 67 60
303 115 8
338 106 31
53 277 47
236 274 31
66 249 46
6 226 51
232 39 52
184 4 30
60 120 4
261 311 28
260 329 63
32 49 19
301 342 100
187 26 46
192 3 43
96 38 16
96 66 85
299 90 86
87 216 97
128 338 85
13 155 51
109 171 77
79 165 81
289 126 16
192 214 75
122 56 53
301 320 43
325 43 1
322 150 48
173 324 36
304 312 28
113 239 34
183 182 3
105 245 63
256 76 19
31 1 92
312 157 67
146 259 35
69 236 62
81 62 35
174 216 10
258 79 59
131 272 29
29 184 52
116 106 38
269 242 19
281 343 55
339 125 50
151 206 78
188 318 37
315 319 2
162 146 93
268 86 6
176 249 39
312 327 8
267 32 33
334 110 2
48 345 91
12 245 69
30 116 28
319 335 2
189 294 49
3 77 29
191 186 21
90 206 16
313 25 11
183 269 66
236 86 21
134 286 4
313 80 36
330 139 98
249 67 38
146 70 81
259 309 51
323 226 90
245 317 54
7 22 97
317 106 79
94 132 38
176 324 35
8 125 80
134 306 14
276 268 22
257 293 55
5 231 87
301 112 80
330 337 24
187 84 1
63 41 62
181 310 49
117 316 85
84 138 27
139 20 1
232 137 97
216 52 90
285 52 57
242 197 91
342 194 51
252 23 3
257 47 93
97 122 75
50 32 77
56 340 75
307 100 80
287 111 98
224 252 45
100 302 32
137 94 87
22 4 9
11 139 29
92 111 72
135 319 47
55 250 37
187 264 27
178 252 32
339 215 92
150 162 95
268 92 48
226 197 22
210 276 89
66 232 36
74 230 86
138 343 76
256 127 45
341 59 15
232 121 97
179 250 14
268 83 50
216 36 32
103 230 88
158 97 61
196 220 77
343 19 74
342 286 92
200 328 98
37 267 91
146 101 49
16 184 21
287 153 74
138 12 68
7 143 91
91 73 13
70 134 14
108 3 41
290 169 99
99 129 12
342 206 31
101 169 27
169 317 59
65 66 7
168 269 11
330 182 26
99 297 2
120 293 31
63 313 59
23 163 93
296 310 32
34 209 58
188 147 29
177 31 15
213 296 9
206 48 63
68 180 65
49 293 71
55 116 53
332 189 47
280 341 51
248 225 59
191 189 99
161 83 83
305 336 32
198 84 46
219 319 76
322 111 83
64 110 83
167 56 34
132 206 35
112 138 9
243 216 29
117 345 83
246 188 81
224 114 71
27 114 13
129 10 59
181 316 10
329 36 11
146 195 25
108 143 36
325 141 64
30 205 77
229 89 100
285 6 2
40 227 97
331 4 52
98 189 89
227 171 56
169 244 66
338 160 38
197 340 97
266 335 34
295 143 93
134 283 55
213 13 21
151 28 17
152 74 2
344 92 14
129 201 97
106 99 64
196 118 54
33 176 73
110 295 15
106 30 14
64 66 100
146 32 3
76 2 51
301 54 44
159 260 89
300 331 89
131 148 28
295 92 96
20 250 56
237 94 73
262 78 35
226 142 100
332 144 14
5 63 23
20 133 79
315 325 76
275 132 54
85 345 28
90 284 26
262 210 75
244 147 84
227 162 100
155 177 58
25 317 94
129 308 62
25 343 74
158 284 27
118 88 98
301 38 25
33 15 57
280 255 23
118 149 15
118 258 35
221 315 66
33 331 19
8 166 48
142 181 58
309 100 4
138 184 98
78 275 93
263 124 87
247 293 76
181 155 50
73 306 47
221 248 90
228 327 94
2 139 63
141 207 23
258 272 79
193 37 2
309 60 16
336 205 5
296 246 43
56 220 57
102 329 53
135 237 34
86 181 38
226 302 59
186 252 28
118 178 18
163 265 16
215 138 58
332 210 19
40 174 27
99 144 15
316 21 19
81 279 98
115 202 67
333 205 19
10 340 21
4 189 19
156 127 30
144 267 56
144 346 52
213 165 50
244 271 74
337 126 60
175 221 2
139 58 49
308 305 42
40 297 39
215 320 100
52 196 44
68 60 74
169 123 90
24 194 4
204 5 89
297 153 97
160 181 60
126 299 47
214 153 96
135 110 1
252 29 55
251 148 94
263 154 74
275 265 49
65 180 80
250 212 89
176 177 83
2 14 100
298 92 53
35 30 97
62 99 53
73 84 58
324 257 52
137 84 18
245 130 27
323 181 7
331 37 91
248 186 88
243 224 22
108 331 12
147 203 100
260 119 40
84 329 46
43 210 36
345 56 30
134 123 12
258 16 51
345 124 67
25 299 57
256 48 3
65 258 10
25 161 95
217 94 6
289 229 87
125 281 41
256 103 36
182 61 21
312 17 44
11 49 56
47 114 12
282 153 47
278 259 17
288 53 42
191 309 23
65 277 43
45 2 88
136 52 38
15 199 60
146 279 86
218 77 3
189 263 8
103 130 76
197 311 67
51 45 15
326 158 69
166 69 98
12 69 20
253 324 80
245 40 36
126 337 96
132 333 14
42 297 85
253 311 52
75 43 45
235 238 44
318 241 15
170 195 96
233 203 46
202 127 84
48 163 54
265 126 31
277 273 93
55 56 57
25 312 51
180 239 42
42 171 16
170 135 42
213 37 43
241 25 16
172 18 36
273 190 82
334 169 100
200 30 68
269 289 25
156 288 76
69 283 67
93 60 17
306 211 56
112 124 19
52 343 100
250 337 21
299 233 44
283 69 88
242 251 96
56 339 28
43 111 14
26 81 62
79 207 66
50 121 85
245 22 89
63 167 58
170 13 20
151 273 65
230 223 76
126 158 64
155 154 59
142 127 78
69 328 13
214 155 24
159 335 36
49 20 5
252 339 98
108 260 59
42 145 93
256 268 7
243 306 77
194 31 55
104 77 60
283 295 82
245 210 12
69 278 61
216 195 11
212 75 99
74 59 43
1 167 47
143 4 79
2 322 96
265 178 9
212 105 30
339 29 45
315 17 42
171 57 94
136 313 18
141 333 51
277 213 26
239 110 66
228 331 87
252 175 31
152 44 83
274 192 67
43 176 17
67 113 49
112 75 3
189 307 66
58 95 45
86 129 84
24 48 71
195 28 81
179 64 21
16 120 31
162 105 74
88 4 63
309 288 81
169 194 82
318 119 29
72 259 49
218 296 7
323 141 44
314 56 49
14 261 53
208 239 62
110 189 9
341 78 17
53 32 88
116 8 33
197 103 69
55 151 82
295 118 9
301 176 29
341 23 68
177 256 62
152 187 37
4 7 66
269 303 88
270 57 76
301 89 57
38 136 1
137 244 68
272 336 77
125 275 36
283 108 50
172 136 42
151 29 82
117 264 22
74 331 79
309 204 95
128 211 36
238 209 70
186 78 24
262 9 49
39 267 13
273 144 66
343 180 36
232 316 2
302 79 9
123 141 73
206 145 63
206 269 78
109 159 49
210 76 25
43 189 94
338 132 66
298 227 69
186 30 85
51 145 46
34 219 16
96 249 35
128 39 7
280 304 68
130 67 15
208 200 49
230 211 51
346 207 20
6 158 5
58 318 33
54 187 51
198 1 31
196 214 34
130 145 40
317 111 24
37 166 76
66 129 26
126 169 100
35 20 90
272 95 99
312 143 64
39 251 56
5 194 47
158 325 24
195 267 49
192 218 20
263 105 67
140 244 53
151 324 6
47 340 70
257 286 44
71 320 3
96 122 35
200 139 46
317 330 12
300 245 58
279 28 95
168 70 49
332 321 78
257 214 54
234 272 35
39 44 67
134 125 80
189 99 39
166 16 40
317 109 56
113 327 56
17 223 52
136 12 49
159 122 25
167 250 63
318 219 46
313 158 85
270 232 99
61 318 60
22 36 35
101 337 97
34 218 44
158 88 53
335 84 37
55 205 6
317 92 71
216 125 26
265 154 36
144 219 11
17 341 1
158 182 80
171 61 33
288 295 97
83 57 89
74 35 68
145 107 16
103 167 27
225 78 13
36 337 5
120 345 65
264 122 48
297 73 54
154 115 28
238 204 76
278 116 49
5 231 50
145 73 23
308 29 14
313 322 82
119 169 94
127 261 73
157 9 90
53 304 10
320 105 76
11 281 90
278 293 44
148 259 42
216 211 83
263 23 16
260 177 81
71 14 92
48 59 73
109 6 86
229 254 42
40 336 39
149 45 11
132 194 96
305 271 53
345 111 99
255 57 36
62 84 39
253 102 61
331 262 14
251 56 19
138 61 5
80 193 8
108 84 19
37 26 33
98 183 19
261 37 98
234 78 42
3 341 4
145 325 79
15 279 58
200 109 53
7 177 67
144 36 22
119 332 45
45 90 16
213 39 16
168 156 25
182 178 10
3 136 15
226 261 22
101 275 73
261 42 29
46 13 94
167 224 9
255 146 3
321 131 1
157 292 19
150 158 68
246 286 30
268 128 7
110 202 17
223 222 91
57 106 25
12 23 72
155 267 91
294 342 7
168 186 100
118 346 49
258 232 48
40 284 100
72 176 5
191 336 28
329 40 66
215 156 80
309 50 94
321 148 70
139 221 16
221 296 69
319 207 70
322 85 47
307 60 50
162 106 83
299 138 73
54 105 77
187 62 14
339 312 87
222 31 8
180 241 13
343 75 84
135 120 32
77 160 99
244 228 13
301 296 29
136 184 63
16 16 81
102 106 42
47 28 86
67 6 81
162 202 92
146 321 61
335 299 3
308 320 54
91 71 21
94 158 21
238 193 89
125 259 1
340 96 58
163 97 56
301 29 95
36 251 84
193 106 77
10 138 52
158 293 31
67 27 47
246 81 61
323 136 82
200 138 5
315 126 88
59 255 6
60 302 43
38 215 8
262 320 18
255 271 73
202 7 59
67 151 64
256 24 13
57 342 44
203 207 12
14 247 55
244 100 37
31 238 84
250 259 9
202 138 31
108 189 94
3 106 18
107 195 47
185 172 48
72 87 57
142 321 5
46 299 17
41 46 88
216 33 82
93 248 73
202 140 81
89 245 62
184 331 2
308 304 15
228 333 37
142 62 26
256 300 49
205 28 82
205 187 15
46 30 49
137 21 93
324 55 44
230 31 19
85 21 54
330 22 62
222 100 16
203 313 6
189 320 2
313 6 98
20 264 15
308 132 46
80 258 42
105 165 4
303 151 39
179 136 78
139 138 59
200 32 30
78 226 16
92 146 18
85 161 41
147 256 22
202 69 38
332 272 73
320 197 2
146 275 55
224 161 25
138 266 30
82 123 96
89 65 24
73 80 11
228 234 49
120 239 88
73 276 89
172 314 71
149 33 78
320 43 66
138 179 19
195 82 31
165 13 20
136 43 33
157 125 90
125 269 24
95 28 68
160 212 87
311 196 78
205 99 56
317 173 43
124 293 69
117 240 52
144 305 64
75 243 15
190 89 37
293 106 77
129 143 71
23 40 83
116 308 25
228 193 27
70 210 37
287 158 95
201 2 11
208 105 14
226 227 85
110 332 35
210 303 63
72 6 35
3 122 80
278 80 44
107 83 92
40 33 81
84 157 49
51 271 62
286 210 38
288 216 10
181 38 87
28 171 84
229 148 12
60 285 35
180 157 45
124 256 56
291 6 93
119 184 96
81 168 42
36 162 80
126 230 91
40 279 54
322 41 45
199 125 39
92 97 70
277 24 1
164 189 99
344 109 8
97 57 58
213 267 32
130 225 19
33 288 72
259 234 51
317 146 43
137 11 3
12 216 21
71 126 60
177 264 16
79 2 90
300 265 69
139 152 40
167 227 91
118 42 36
197 4 79
333 330 44
234 164 46
82 30 87
111 185 6
285 42 29
299 283 19
273 313 5
106 318 29
179 326 99
238 75 85
4 9 34
262 195 76
114 62 15
4 39 42
41 252 68
203 208 28
287 1 19
98 94 50
285 195 21
163 308 85
86 75 27
127 281 45
108 204 45
289 9 84
84 324 17
270 227 3
270 339 23
265 245 11
236 120 80
120 168 70
86 105 78
103 218 87
66 94 39
271 207 14
14 200 56
19 134 40
223 345 82
129 291 63
78 79 46
231 291 52
219 252 62
234 315 97
203 262 64
276 264 82
90 122 95
333 61 34
287 309 83
130 27 34
68 151 81
70 345 70
304 283 34
326 334 32
125 152 87
219 190 48
320 27 86
189 5 68
96 271 82
260 76 82
275 82 4
16 154 22
238 305 55
339 101 89
113 242 82
39 246 79
214 20 3
25 25 67
108 66 90
147 187 38
244 299 8
284 237 37
233 247 16
44 316 91
88 45 93
62 233 95
66 60 47
91 93 46
32 96 41
255 189 8
344 267 31
40 56 78
265 161 63
340 29 28
112 36 75
298 28 99
153 2 43
47 248 93
163 257 66
318 325 87
244 280 55
272 99 15
180 76 78
92 4 60
296 187 52
263 225 45
28 5 85
114 110 53
80 107 20
231 141 96
60 205 58
241 230 75
127 51 71
37 16 86
123 337 54
87 284 99
270 253 48
71 195 11
194 249 35
287 123 88
261 232 1
20 74 48
62 185 86
226 178 56
32 132 4
137 215 91
342 16 36
118 42 99
334 157 76
314 113 80
340 92 28
257 194 15
334 170 77
104 216 52
318 225 16
93 274 7
106 21 92
234 249 34
176 250 98
183 266 60
227 205 30
84 330 35
228 338 80
298 148 20
179 83 100
26 325 98
60 53 67
92 191 25
87 45 90
57 300 16
270 207 18
132 335 69
230 243 4
197 13 55
197 166 7
163 291 8
113 315 15
168 104 41
221 24 19
110 9 85
185 121 4
257 291 8
309 238 22
120 20 72
272 202 92
58 336 19
56 141 20
227 337 36
23 20 42
299 59 35
66 131 69
202 23 63
295 216 95
237 51 30
245 165 60
81 66 23
12 251 64
89 148 10
150 119 15
83 70 83
51 96 7
326 164 45
78 216 20
229 268 39
148 266 51
178 196 61
251 94 26
319 114 44
102 65 20
171 138 7
47 164 82
297 14 95
136 225 7
321 274 85
154 297 99
157 36 37
309 4 38
204 150 13
76 325 22
180 149 92
270 50 81
39 141 15
54 224 99
128 176 43
161 137 43
77 313 3
122 273 95
193 211 76
145 310 3
278 217 45
272 193 93
192 339 49
344 255 29
85 238 96
272 137 64
170 307 42
259 28 7
346 333 98
19 189 31
164 251 57
329 4 96
279 38 9
128 53 69
318 5 86
307 263 22
23 139 26
48 171 52
66 2 18
23 225 95
19 97 23
193 96 90
228 72 41
1 156 68
130 266 59
42 128 19
252 49 79
310 162 16
197 210 60
177 20 5
140 151 33
44 199 68
335 285 78
133 288 90
109 177 54
230 58 58
297 177 39
73 60 19
232 303 96
324 24 57
265 321 4
330 271 65
233 340 13
158 231 4
3 191 90
163 306 31
188 191 52
113 238 18
300 306 90
11 54 38
107 304 21
188 133 42
114 170 75
80 166 29
188 234 38
282 50 99
237 42 5
3 200 59
153 43 68
16 122 32
261 184 89
3 210 3
242 125 10
294 127 27
114 131 81
172 124 64
173 57 50
248 294 24
129 44 87
64 139 50
268 222 21
225 325 13
135 272 18
77 234 20
25 70 29
126 255 27
84 9 5
66 48 18
93 240 14
291 118 80
131 275 93
84 143 17
213 298 40
209 305 42
178 124 56
36 90 34
5 281 100
135 114 60
98 199 50
55 171 90
337 227 1
78 232 87
323 112 79
328 24 32
280 274 90
152 318 59
256 311 14
264 190 93
11 290 75
99 147 85
340 175 90
331 253 47
264 299 50
300 222 83
6 166 10
187 267 100
169 67 41
57 108 34
317 273 62
143 253 44
39 169 70
341 191 62
110 195 20
234 314 53
80 94 15
165 225 18
123 269 47
87 243 93
143 11 46
86 205 8
41 317 88
170 43 68
56 273 85
248 167 36
175 261 58
239 121 49
243 327 32
220 257 44
165 307 70
328 307 15
250 339 99
156 284 13
284 42 69
120 283 90
324 129 22
18 305 25
341 82 37
331 77 84
84 220 89
212 12 3
222 14 22
23 218 92
109 119 9
281 145 44
312 331 49
46 124 99
227 61 43
60 272 48
118 36 93
271 95 75
314 133 94
19 50 30
52 299 64
78 192 67
274 306 4
184 128 36
147 162 92
42 261 43
131 279 47
154 22 41
17 145 37
10 189 70
165 272 10
255 300 25
195 250 87
316 241 9
101 77 40
236 1 16
167 170 5
115 309 85
328 276 72
229 261 26
295 147 74
27 234 18
217 329 85
139 69 81
118 164 39
12 129 38
105 137 62
80 161 66
162 333 5
9 321 29
85 155 30
210 137 43
157 338 90
210 187 35
314 288 61
183 210 9
235 92 29
11 26 96
223 222 71
164 322 51
134 282 35
182 105 83
49 27 95
252 90 18
266 242 5
223 255 33
96 96 23
293 108 28
17 321 4
158 32 34
44 315 45
79 182 87
172 335 55
147 312 50
209 229 4
283 74 53
193 220 85
318 32 6
318 336 56
218 113 71
232 290 46
24 68 11
315 114 80
263 188 54
83 284 56
130 231 95
43 118 15
239 16 100
256 236 32
105 246 58
162 267 79
303 112 7
172 13 17
41 208 61
199 107 83
329 254 86
184 336 81
207 181 13
151 36 55
67 84 64
74 127 3
85 162 75
345 87 45
208 79 72
306 346 39
40 291 25
109 333 84
127 62 19
74 292 55
13 334 46
137 27 74
257 264 82
331 320 70
117 288 44
85 79 74
190 267 1
143 176 33
63 241 99
288 3 63
221 276 94
117 45 41
123 224 56
16 272 77
214 137 2
200 212 77
10 307 53
281 137 37
215 143 93
319 213 92
81 134 25
113 202 25
195 325 61
131 134 3
151 254 39
171 279 3
54 78 53
52 295 5
70 200 1
212 26 10
266 142 32
190 92 77
77 196 67
310 107 36
89 126 50
40 105 55
188 36 83
319 69 80
254 207 41
84 16 79
176 275 62
197 131 30
302 244 73
137 342 82
137 134 10
305 26 100
248 207 76
249 56 29
203 199 86
282 17 29
42 141 21
173 98 2
195 294 49
244 302 54
213 340 25
322 68 99
321 305 92
237 312 19
332 229 54
173 217 25
291 330 4
255 135 59
72 337 33
334 69 24
91 305 76
255 66 21
242 232 2
195 12 68
106 142 24
32 82 15
2 135 91
181 243 70
324 145 82
132 98 99
299 234 1
158 82 69
274 180 38
50 292 30
278 136 14
270 318 94
219 221 52
238 346 74
219 245 90
124 27 80
69 317 39
163 109 29
41 88 83
25 95 20
335 333 100
24 39 44
167 6 86
339 288 11
162 88 69
243 208 48
280 257 11
25 82 19
150 264 28
85 245 8
177 135 54
161 39 35
183 336 33
8 101 91
256 201 90
3 261 43
148 49 90
90 293 23
151 232 97
183 207 70
8 120 9
197 313 6
211 59 65
156 242 7
321 110 89
143 127 64
258 86 25
156 185 83
135 314 17
310 269 40
137 47 19
317 67 30
109 54 69
78 186 71
182 2 37
260 281 73
187 78 72
24 43 70
243 212 32
251 101 20
310 282 24
34 20 21
4 279 32
324 139 61
205 97 32
210 325 53
124 81 34
291 152 87
103 227 60
341 239 35
26 236 93
186 74 64
45 168 1
187 189 30
27 112 58
324 250 9
258 95 89
60 248 89
50 103 4
26 213 100
165 68 1
340 327 17
15 87 27
120 235 28
32 212 6
72 309 57
139 249 71
278 263 80
221 69 70
333 321 64
138 16 79
253 49 53
29 18 25
239 168 53
199 209 78
345 251 37
197 116 5
300 163 72
102 56 37
109 57 67
308 186 39
346 89 93
341 298 46
226 167 91
3 76 37
46 175 13
244 316 67
309 194 38
334 275 25
52 16 11
188 8 54
189 95 54
158 109 86
76 89 37
47 276 32
338 102 5
271 341 60
305 136 48
322 144 79
270 33 45
147 64 35
287 288 3
247 166 66
19 315 83
279 24 67
168 280 29
319 148 8
191 193 32
81 127 23
91 23 55
129 346 12
37 294 39
343 332 52
154 289 10
46 10 5
234 45 41
129 257 45
129 45 38
130 269 6
267 270 32
324 263 31
252 320 58
286 297 88
206 79 47
71 25 64
321 320 29
214 225 33
102 328 6
258 291 97
146 324 95
248 301 70
167 199 73
341 280 69
336 53 25
312 105 33
200 86 79
161 149 57
130 272 85
85 95 81
204 59 7
115 345 57
252 151 36
293 184 26
298 290 93
97 277 61
82 231 21
308 287 36
60 149 25
17 85 25
125 293 82
82 61 29
96 4 63
108 194 3
232 236 51
207 331 75
331 237 96
186 98 14
214 296 82
163 166 92
40 127 85
192 141 57
189 79 86
193 176 10
312 224 15
285 224 38
182 245 60
105 208 7
302 201 23
119 299 39
330 210 98
146 345 19
135 269 50
341 148 76
81 165 56
259 214 51
76 128 2
313 156 3
210 225 37
175 216 11
298 308 45
197 125 23
207 31 50
141 331 77
158 332 10
119 264 29
15 119 27
135 40 51
106 130 50
45 265 20
168 32 87
234 334 2
85 247 79
111 213 90
296 345 14
8 243 26
302 164 29
277 121 4
152 145 91
222 60 26
193 94 27
198 134 83
335 204 37
309 127 21
231 66 34
101 225 61
340 130 46
279 151 44
118 32 10
256 56 27
204 43 10
41 63 10
222 328 98
122 194 63
18 59 54
232 221 98
185 239 38
40 296 40
89 77 21
346 175 96
163 178 2
116 228 65
163 248 10
237 93 73
2 21 41
51 225 56
288 184 42
326 302 25
266 183 66
193 132 4
291 156 70
117 57 63
149 323 64
177 228 79
75 46 61
202 185 62
85 247 84
296 200 82
42 208 98
331 295 87
330 182 23
188 94 5
170 70 86
146 170 8
311 19 9
63 201 14
83 266 44
333 126 2
29 164 78
263 225 73
48 220 19
224 335 21
324 304 1
244 279 89
10 168 9
341 201 11
50 35 57
50 139 65
279 92 88
189 101 11
293 124 35
130 344 93
40 205 38
292 165 65
173 11 34
144 139 86
253 60 67
40 308 6
299 327 77
41 90 81
126 285 43
288 46 44
205 65 91
86 39 55
157 46 32
320 125 21
98 192 99
55 93 41
139 230 76
276 324 16
335 234 45
264 292 90
157 315 42
146 277 6
203 185 42
259 147 22
210 155 38
274 191 82
329 236 65
308 215 12
149 77 35
6 175 64
185 303 43
279 93 84
145 326 83
243 266 17
127 323 99
270 181 57
180 151 70
183 263 26
336 124 56
264 18 42
140 311 33
115 205 79
208 92 96
218 254 71
148 155 75
264 342 34
135 254 43
200 229 59
272 86 73
125 287 6
322 83 36
259 79 13
208 292 46
157 246 91
271 279 1
279 151 82
202 148 95
44 5 20
129 170 6
171 170 32
312 116 26
292 29 87
54 145 82
86 1 65
33 321 45
7 116 94
327 27 42
202 171 61
115 317 33
58 244 88
125 223 6
53 3 87
148 24 49
12 52 100
256 317 57
114 255 86
188 160 32
163 28 85
235 89 81
324 288 64
74 302 79
207 263 33
308 99 79
201 131 45
204 180 31
234 295 29
138 155 23
341 127 79
257 18 34
179 232 45
6 313 23
260 196 76
270 150 77
127 100 10
226 268 33
185 126 1
188 198 27
324 92 88
151 112 7
202 243 95
209 217 71
108 143 99
301 18 25
327 181 73
272 190 19
145 14 43
162 246 74
328 50 58
341 305 7
12 212 30
343 108 6
322 166 51
226 247 65
292 208 71
302 120 93
219 163 58
304 222 51
268 249 54
44 57 58
315 126 20
346 340 33
177 227 32
315 309 79
72 53 67
342 339 98
64 127 58
202 180 87
107 220 74
120 46 46
281 276 31
71 315 7
183 340 5
196 145 35
49 306 21
147 61 61
128 3 97
196 311 33
96 90 26
320 80 21
173 270 23
91 237 9
335 142 24
188 206 4
226 125 30
272 105 82
228 60 29
234 87 57
250 274 8
6 34 27
157 221 38
64 258 37
321 120 78
34 42 37
92 4 27
317 93 15
17 161 98
186 316 58
156 83 31
26 127 100
67 184 1
166 34 38
138 156 93
316 137 11
185 327 69
119 234 72
298 7 39
177 124 40
346 258 41
262 69 19
31 57 82
292 81 6
34 64 90
171 67 44
12 143 36
310 250 76
28 311 44
293 62 73
285 203 8
130 251 9
75 169 50
297 168 42
293 16 4
174 306 70
117 83 53
31 234 79
74 285 21
233 28 71
244 320 28
58 4 92
295 191 30
91 290 49
272 56 21
46 81 6
60 318 18
59 75 23
92 140 71
288 38 11
281 315 33
150 95 72
344 273 46
271 62 33
181 308 35
193 306 66
44 244 59
255 20 27
249 215 32
315 176 54
250 129 2
260 273 17
57 77 30
123 322 15
60 131 69
271 280 25
102 344 36
192 99 56
302 247 47
151 19 63
131 268 33
225 77 65
234 116 8
221 322 11
46 145 80
119 15 18
235 219 6
75 165 66
309 266 76
76 340 8
222 157 42
335 237 48
268 175 22
106 56 52
184 123 3
340 299 6
231 262 17
114 65 41
171 86 48
217 196 73
67 175 47
341 88 72
160 137 93
74 214 5
334 290 75
171 88 34
140 146 54
190 162 30
255 205 42
228 212 2
29 135 70
23 177 47
175 99 46
38 280 19
272 288 36
299 232 59
168 68 63
144 62 81
293 324 68
54 178 22
55 94 14
135 253 74
152 14 59
91 131 81
182 233 46
8 193 47
216 31 86
79 195 21
19 132 14
327 170 93
259 194 7
1 248 53
144 254 63
5 244 97
132 225 1
168 343 85
56 120 65
116 312 30
301 132 73
150 181 44
19 242 1
239 345 24
95 137 7
102 54 44
171 263 62
60 43 60
284 35 93
212 79 55
11 283 46
328 217 38
159 312 60
287 142 80
319 191 50
143 346 87
263 54 27
288 31 100
86 27 26
293 336 86
162 72 51
290 91 18
249 304 1
107 60 19
339 257 28
293 46 70
228 253 76
248 103 83
245 202 73
262 334 93
124 122 55
184 290 93
37 47 61
140 240 17
46 153 51
220 59 61
340 14 33
230 262 52
155 245 19
24 302 43
116 302 72
243 175 93
220 154 41
272 317 86
332 333 90
20 234 68
238 92 31
331 147 84
223 233 70
188 311 72
270 270 49
342 240 78
196 241 49
168 316 71
5 81 69
129 293 23
209 158 40
124 69 5
269 236 87
138 328 20
12 274 84
244 232 86
205 141 74
54 144 23
17 204 14
8 235 53
60 13 6
236 154 1
328 255 44
151 150 29
23 258 47
183 179 13
205 254 99
282 200 14
307 230 22
63 41 13
187 55 26
112 341 58
103 332 97
14 342 19
335 146 37
58 133 36
209 194 31
273 337 93
154 285 81
195 199 26
331 111 3
83 92 59
317 27 35
190 64 78
142 250 9
234 122 54
192 282 28
304 221 71
135 222 23
207 295 74
187 199 13
273 344 83
142 101 32
344 7 52
152 184 68
313 129 86
8 88 9
346 71 70
136 171 32
21 152 90
123 73 38
53 141 20
122 245 22
164 61 31
205 95 70
26 306 38
242 75 67
181 214 79
132 244 69
44 229 70
296 277 95
267 186 71
340 305 41
83 156 24
37 178 50
316 240 26
10 71 81
9 192 75
79 155 60
227 218 34
14 155 54
115 244 17
326 310 99
58 296 2
190 86 7
154 325 45
146 123 31
240 341 90
334 113 42
248 20 65
106 268 93
302 147 55
1 333 1
218 135 57
73 183 40
105 276 68
251 308 37
324 49 20
69 52 84
101 28 35
20 247 89
275 317 77
119 309 54
94 17 61
278 201 1
205 186 10
187 213 33
69 91 77
267 233 7
96 152 93
59 105 22
197 144 18
303 326 34
22 263 49
157 158 68
94 40 20
210 248 31
165 194 26
40 233 98
304 68 82
20 71 82
251 268 90
47 72 58
159 214 51
227 168 47
265 291 14
99 161 85
294 97 39
75 111 43
199 246 63
121 153 5
58 144 1
112 61 65
190 47 14
252 100 62
125 121 83
137 266 47
28 311 70
272 23 90
137 243 22
147 257 28
308 171 57
329 184 16
337 111 23
117 151 58
331 88 7
155 138 16
269 34 67
242 42 18
47 272 97
184 185 3
306 35 22
296 111 29
296 52 28
324 175 21
161 13 32
156 274 71
140 86 49
97 176 66
265 66 60
118 276 23
104 35 35
82 8 82
320 163 50
169 108 62
207 317 24
23 88 62
244 340 92
334 51 32
194 175 55
108 67 61
202 260 24
73 81 13
175 78 29
306 125 93
168 196 41
342 266 42
25 119 57
254 250 53
192 54 49
316 192 53
304 331 34
180 334 11
210 326 68
252 258 13
112 173 38
46 47 89
143 134 88
335 335 22
107 14 30
112 315 80
174 159 96
158 270 95
330 193 53
292 221 2
193 102 25
272 268 71
257 198 73
196 318 33
139 342 47
326 255 17
199 259 60
4 110 2
260 269 45
256 53 64
122 242 5
311 176 73
268 181 19
44 29 53
230 106 27
138 53 90
129 88 53
42 51 82
58 260 8
66 90 90
10 243 46
318 319 95
108 2 68
11 254 92
88 3 99
190 188 28
211 33 44
330 245 16
250 18 89
134 192 3
146 50 78
210 289 67
327 312 84
132 255 43
89 152 88
153 281 76
250 239 95
66 136 13
96 328 16
159 338 61
34 164 40
327 102 97
345 68 8
191 332 86
312 31 73
275 48 40
20 324 74
225 175 74
217 23 87
263 160 85
60 294 47
318 187 17
23 223 64
275 254 14
58 105 56
305 197 96
100 125 3
199 321 94
131 150 65
279 126 26
202 133 88
264 319 46
252 27 40
171 134 96
344 286 63
186 199 14
118 192 93
8 285 73
162 173 92
91 1 99
94 172 48
297 299 7
265 245 45
91 256 25
15 58 30
267 280 66
269 46 84
58 218 18
205 319 7
49 244 17
121 122 20
235 272 54
208 306 59
142 62 24
133 173 4
137 55 31
272 200 18
16 62 80
306 134 92
258 241 49
158 169 4
342 194 83
103 1 78
2 278 39
133 303 87
290 77 100
152 292 5
84 249 88
335 111 31
64 18 23
260 331 39
124 65 61
57 257 71
317 67 9
81 174 24
131 152 11
203 90 19
209 93 35
46 49 100
308 29 99
34 34 16
228 30 91
81 261 92
192 26 34
259 54 36
153 229 76
123 331 94
254 49 75
137 33 38
105 68 19
329 106 41
156 293 74
322 132 48
11 309 48
290 131 7
303 39 93
108 277 61
332 327 22
10 188 86
203 301 26
10 330 78
166 195 97
319 160 74
90 50 83
111 275 30
305 344 38
290 166 67
253 234 95
82 251 72
179 332 82
330 30 53
41 222 24
60 159 17
129 64 70
177 281 2
58 119 99
255 44 61
122 194 61
255 106 22
187 345 21
89 135 71
45 250 24
315 279 4
309 181 56
211 36 26
73 80 72
256 26 87
329 39 77
72 286 61
174 298 73
319 34 53
129 272 47
76 191 95
142 56 45
243 260 5
294 189 67
243 51 44
65 296 38
245 97 82
276 6 74
249 176 66
60 169 98
41 291 1
9 19 18
21 331 72
281 91 13
106 249 46
223 75 15
205 26 68
184 343 42
143 343 49
119 149 7
337 330 96
339 184 28
230 339 15
139 238 74
245 317 3
335 194 96
200 54 59
95 260 93
15 235 99
322 222 18
86 11 81
134 159 28
226 152 10
119 222 21
81 92 26
145 202 12
66 148 16
22 117 46
330 334 86
284 119 43
166 341 38
224 247 92
13 70 86
54 96 97
149 237 95
326 335 81
128 99 33
147 212 38
313 110 22
299 166 40
147 84 76
328 324 18
124 220 88
127 265 33
215 305 17
18 162 36
198 305 74
292 210 96
88 64 60
117 243 42
60 228 39
209 230 41
109 175 99
336 97 57
76 272 12
118 300 65
183 224 8
15 171 12
210 325 99
161 89 15
107 332 56
300 314 48
42 302 49
285 256 28
279 64 26
164 260 55
234 109 62
270 244 48
190 290 29
283 112 13
223 132 82
294 187 64
93 121 51
104 71 55
264 283 72
300 38 24
330 250 41
218 201 90
283 217 24
76 159 84
22 84 39
22 223 90
21 159 72
247 330 86
239 83 96
258 35 56
261 154 43
122 63 19
63 104 62
48 191 49
205 221 98
71 268 16
76 233 45
321 261 19
305 311 48
329 302 14
183 327 99
329 65 24
243 47 10
87 68 17
284 287 52
265 195 98
126 2 48
136 208 21
281 247 7
39 246 6
203 144 15
269 178 38
171 267 76
220 15 35
313 99 2
47 75 31
264 130 78
346 45 19
252 126 42
271 20 67
151 88 4
331 306 29
256 116 62
162 4 89
267 136 19
309 281 14
183 2 81
335 317 39
211 184 30
336 334 9
10 160 32
58 337 70
141 91 74
320 234 35
85 212 8
323 127 16
275 12 76
104 298 59
49 100 15
303 64 85
95 255 1
99 261 36
38 6 64
84 318 10
297 331 42
21 193 30
20 193 65
51 99 96
117 50 44
259 240 81
184 70 87
236 8 87
87 102 72
229 264 96
205 326 14
303 240 22
155 236 76
168 69 71
169 313 2
268 233 55
166 100 96
326 31 34
273 232 45
3 184 87
97 60 60
311 23 43
38 128 85
320 129 99
195 13 84
15 194 63
266 126 47
190 9 42
201 242 69
230 233 74
266 129 78
314 298 86
188 2 11
199 214 91
162 345 2
20 21 36
254 289 63
221 273 3
200 194 15
97 337 8
136 46 10
213 7 68
191 275 48
140 92 1
276 24 73
294 129 88
107 15 13
192 71 30
245 69 20
5 206 36
302 166 25
344 86 30
87 3 77
37 264 23
200 80 92
63 283 64
81 291 47
343 23 47
292 241 96
29 322 23
155 287 12
20 336 54
270 237 64
109 163 81
301 121 75
161 207 74
45 285 32
266 181 35
48 33 57
250 274 6
133 273 24
293 332 63
103 120 52
235 190 3
186 71 24
80 199 69
343 84 12
284 297 49
323 52 99
34 174 41
114 70 43
256 278 83
44 147 95
156 334 49
266 80 30
239 332 82
283 275 51
109 195 72
17 207 3
52 96 54
287 267 71
49 282 52
237 32 77
147 316 52
264 176 19
85 161 54
73 172 98
37 335 1
336 223 71
60 113 100
176 198 98
78 313 94
330 305 10
200 264 5
90 182 94
234 120 59
344 33 6
287 323 91
120 7 67
294 17 48
266 87 83
13 228 33
111 166 16
257 291 3
197 199 81
51 227 26
345 55 22
96 264 26
68 251 53
268 113 35
99 54 68
164 276 62
46 122 27
97 202 72
151 132 44
145 259 67
34 44 54
335 181 63
206 180 71
332 304 39
229 93 28
125 275 29
201 62 31
71 273 24
119 217 50
214 260 1
16 121 98
225 224 45
218 150 81
20 104 36
227 293 48
40 96 93
24 91 57
79 261 64
47 217 57
270 58 95
156 301 24
50 194 81
238 272 60
233 245 11
234 234 23
272 242 24
155 252 58
274 41 21
196 87 32
308 148 80
42 122 38
100 4 86
111 242 71
156 16 60
111 216 89
258 248 66
66 319 11
41 52 26
271 51 19
343 75 9
106 59 5
44 281 62
172 262 68
308 110 48
257 49 51
289 116 14
31 138 22
22 335 1
115 74 85
73 115 62
324 195 9
5 303 64
101 237 1
8 131 17
213 225 48
118 301 26
182 4 98
198 35 27
162 178 98
129 8 43
170 105 10
44 21 15
191 342 41
21 158 96
121 39 74
72 99 88
300 129 83
193 57 95
3 238 55
243 161 89
55 35 5
218 28 84
261 160 65
324 299 20
280 224 96
160 82 14
68 346 8
299 147 43
119 177 68
340 75 58
296 224 73
248 190 76
159 167 78
3 149 88
152 256 74
76 48 31
329 139 31
298 61 85
114 263 87
203 7 72
258 57 72
171 197 57
158 51 30
336 41 69
130 220 46
311 135 54
211 91 47
307 88 95
320 105 34
81 267 14
334 323 9
120 229 38
143 85 71
202 136 90
231 28 46
148 291 40
32 56 46
125 244 51
285 14 48
40 151 82
200 52 37
13 114 42
151 183 6
28 317 28
308 260 27
210 68 51
147 170 81
149 139 61
304 339 7
1 14 96
119 235 88
308 111 71
127 288 57
194 238 65
200 74 19
287 336 73
73 282 25
330 277 44
272 235 36
75 69 11
81 194 81
346 271 47
233 9 25
282 144 82
245 343 58
251 107 19
11 328 7
145 277 24
98 264 29
95 131 77
309 309 65
51 312 65
37 104 43
331 153 4
239 88 93
202 95 11
292 223 36
309 182 27
100 139 38
181 292 61
126 87 47
194 26 51
239 174 92
114 128 25
206 285 73
201 29 94
274 40 76
171 94 65
180 135 91
140 273 84
42 263 70
28 122 34
5 58 62
287 120 51
248 286 12
91 23 36
217 149 29
60 112 27
287 58 13
92 84 4
185 327 67
169 327 36
40 112 75
27 118 7
233 150 36
115 206 74
191 224 74
195 338 25
245 251 89
272 88 71
168 23 9
143 99 3
7 155 56
181 250 27
232 70 45
261 38 60
289 138 30
135 38 38
34 9 93
141 250 99
208 263 29
288 250 54
32 108 12
170 317 34
249 129 84
255 75 76
251 22 81
218 176 100
142 231 52
284 206 23
90 260 73
40 238 65
195 50 85
138 147 96
119 298 74
299 22 78
79 344 56
205 130 34
303 280 63
46 336 53
258 140 83
307 238 91
155 169 35
258 5 87
111 40 57
32 310 53
92 225 7
311 247 15
186 167 71
192 256 47
255 82 56
343 334 79
172 265 33
282 261 57
321 305 77
214 217 30
200 75 9
30 112 73
218 85 54
205 317 77
241 98 15
304 96 32
271 328 50
129 320 83
39 297 57
231 168 40
217 73 14
342 43 4
71 23 13
287 147 79
303 125 59
222 331 85
70 62 1
231 62 34
290 282 78
154 336 17
211 192 19
101 277 99
94 324 27
64 3 13
80 26 9
219 258 26
307 43 11
275 262 55
150 46 57
65 284 34
301 226 72
136 124 99
170 14 65
130 13 76
34 240 50
200 304 96
80 336 28
77 216 80
234 336 45
87 145 89
339 293 69
305 267 13
150 59 18
275 68 36
321 282 78
204 72 77
116 79 55
272 237 77
215 321 15
38 17 97
69 318 72
299 47 49
114 202 16
14 160 51
231 308 26
148 4 85
200 211 67
193 166 63
333 196 30
51 180 81
255 252 59
166 323 59
82 267 23
12 124 13
202 124 25
73 130 44
233 282 51
42 113 99
317 74 14
149 42 28
339 227 39
124 326 15
1 111 43
87 195 17
159 272 74
16 263 67
210 36 19
300 209 12
61 104 61
105 111 25
85 295 74
308 48 85
294 60 17
176 99 7
291 48 27
178 280 10
180 286 25
4 40 82
316 20 9
282 172 16
102 233 74
37 230 66
110 335 11
151 321 17
94 210 72
264 24 14
125 156 60
138 340 71
291 39 79
126 116 37
17 270 74
175 304 18
169 9 43
184 38 90
321 139 4
248 92 87
102 291 65
4 240 17
125 12 83
158 17 22
30 314 60
221 253 86
75 107 14
68 213 31
187 129 48
14 318 87
115 152 83
72 23 78
56 255 14
189 47 85
265 300 54
21 214 27
163 339 10
40 70 24
181 111 72
314 242 10
165 221 30
14 206 24
125 285 31
245 182 46
153 286 68
84 25 79
286 127 22
252 264 21
172 45 4
49 268 10
344 301 53
255 345 42
140 102 83
320 106 71
2 38 45
302 136 100
44 83 72
212 84 100
68 240 12
1 57 70
262 330 37
131 236 84
69 88 53
114 74 10
79 259 14
219 96 90
18 167 97
184 334 59
163 36 9
166 270 61
161 20 87
200 332 100
231 235 78
287 152 70
66 210 71
259 297 12
131 113 19
29 18 9
237 24 15
84 248 69
12 201 22
19 233 48
66 162 57
73 65 51
257 254 97
231 293 46
288 160 33
189 325 38
294 197 62
175 335 59
278 112 39
7 184 67
190 113 64
32 28 6
11 231 16
21 152 49
230 44 19
229 170 82
240 4 57
198 289 5
320 9 37
289 230 97
45 289 63
100 315 2
117 60 38
211 305 88
149 288 31
148 116 79
270 238 1
2 169 17
274 113 99
158 259 8
321 269 51
292 203 92
253 224 61
171 206 9
146 249 88
49 133 52
175 308 89
311 23 22
301 172 25
42 54 94
111 157 39
128 214 68
15 84 31
79 145 22
11 273 42
55 104 57
255 27 25
234 57 18
88 88 93
327 91 50
155 39 40
183 263 78
206 343 92
164 333 3
221 193 88
59 227 14
259 153 34
251 280 12
83 210 94
151 280 54
95 103 88
251 205 76
175 317 95
24 187 60
301 170 93
282 280 42
177 94 34
265 322 93
274 185 50
34 6 76
160 104 29
318 255 48
209 12 2
141 308 82
169 172 9
90 171 39
257 37 45
150 332 6
310 32 39
59 37 40
325 275 51
188 132 44
25 283 38
271 243 82
9 230 17
309 197 97
206 302 56
171 195 87
28 243 40
101 85 17
328 119 90
216 18 49
18 254 32
103 83 3
31 289 44
213 108 86
113 95 86
13 140 1
105 118 85
16 332 29
101 95 77
162 264 11
232 293 63
229 339 41
223 281 30
288 306 16
127 329 65
173 229 9
320 45 79
204 107 33
291 329 85
4 327 73
21 24 52
251 15 76
328 304 75
152 118 20
311 52 45
132 246 43
334 289 66
118 175 80
182 24 2
120 321 19
11 344 73
167 304 11
329 311 61
144 161 28
279 82 42
153 241 9
237 153 8
152 145 24
71 161 12
6 99 63
80 133 75
178 69 22
116 37 39
37 308 18
215 169 68
236 65 94
224 300 40
31 73 23
24 264 52
170 314 97
263 334 68
178 60 39
318 239 76
271 159 12
247 168 52
73 54 41
295 168 22
334 341 60
310 292 87
238 289 57
248 138 79
65 268 76
56 340 99
295 191 16
143 88 54
170 182 28
199 5 41
258 137 67
299 344 99
306 172 84
159 268 32
184 317 68
260 126 6
111 141 31
160 257 96
67 290 33
230 40 43
20 169 75
206 19 13
301 184 81
250 72 54
36 128 80
131 231 49
12 205 9
317 8 38
46 41 14
162 134 16
248 152 40
191 285 13
86 214 20
182 307 46
154 277 80
131 142 84
12 261 51
313 10 36
180 26 96
301 79 96
280 3 78
28 275 42
10 40 21
35 18 59
81 239 45
190 330 69
6 197 52
292 128 15
226 187 19
134 279 70
227 273 22
217 121 5
285 318 37
121 312 21
278 252 59
126 194 63
84 30 69
212 280 86
126 202 2
115 298 61
22 304 8
314 118 70
9 336 20
154 265 73
11 284 71
335 87 91
343 34 16
61 194 86
199 195 44
341 227 84
338 135 81
134 109 2
320 11 81
217 329 53
33 193 34
187 43 87
245 240 21
251 167 63
194 278 52
72 6 66
151 153 87
170 195 42
158 311 73
294 317 12
208 205 96
330 346 93
221 275 3
217 285 14
260 201 27
121 227 7
146 294 63
83 14 41
147 164 31
284 277 79
269 164 65
228 21 66
79 98 18
255 259 72
83 121 86
237 277 94
138 131 31
67 86 71
214 101 95
158 168 2
280 197 58
178 236 87
118 280 73
24 169 88
223 14 4
8 214 31
222 203 55
251 109 92
297 22 22
315 213 93
95 264 1
173 36 52
224 322 70
308 241 78
179 48 55
109 191 10
295 271 14
159 168 71
109 256 58
62 299 22
154 308 54
135 241 31
110 318 62
14 236 48
105 318 19
303 236 80
37 123 100
60 226 99
72 193 30
217 266 46
4 164 98
185 66 84
215 76 55
158 102 32
65 73 52
8 77 43
109 80 27
134 35 100
247 251 95
89 2 77
109 214 89
184 252 87
70 342 3
187 308 35
133 43 45
75 20 50
129 253 74
211 318 81
170 93 71
43 112 30
345 162 80
38 207 9
81 128 13
328 30 99
33 150 58
42 136 70
190 49 35
251 7 12
110 143 7
226 93 57
83 186 24
162 67 93
119 227 33
173 294 87
298 110 24
236 189 96
218 216 97
212 69 2
48 85 17
225 114 2
187 127 64
263 134 4
137 166 27
1 140 87
218 126 22
62 17 98
245 154 40
170 34 63
220 274 88
131 110 31
185 232 94
223 341 33
99 99 34
130 219 64
141 52 63
98 33 24
135 282 44
177 228 50
109 122 82
250 186 3
261 283 35
90 269 61
230 162 24
252 147 77
240 246 89
281 85 67
104 315 74
309 91 35
17 126 54
65 200 36
148 148 21
190 5 75
49 340 93
125 158 24
324 67 24
222 322 67
320 86 32
323 280 3
219 298 13
166 337 12
23 14 1
119 259 14
323 121 40
24 126 83
258 208 11
77 307 19
334 295 67
300 45 90
217 139 53
147 321 73
125 24 62
261 328 100
204 151 67
346 330 90
217 104 26
31 79 72
132 59 18
52 71 94
214 26 3
195 144 68
327 81 31
309 260 29
49 132 89
195 318 21
121 343 47
272 327 71
226 233 90
210 203 29
274 313 26
79 305 21
209 162 41
323 10 58
185 343 45
326 83 17
27 135 84
61 251 52
62 166 9
202 70 94
206 330 79
12 23 46
16 62 34
106 199 74
151 272 45
129 141 13
308 245 1
344 140 63
221 8 99
14 90 29
233 240 46
343 262 66
203 70 37
81 126 34
90 282 29
106 19 26
3 306 53
42 335 88
254 155 67
84 272 25
29 107 38
34 101 49
99 201 74
250 67 96
175 173 51
251 93 76
204 72 4
182 341 15
114 41 80
24 254 40
139 321 21
285 304 60
115 159 93
37 92 88
92 217 26
150 139 7
150 331 27
34 75 64
235 46 45
33 177 4
103 123 15
217 332 67
185 41 93
182 69 21
339 43 25
6 89 41
240 62 62
295 208 18
332 182 23
185 305 25
223 168 88
181 151 22
39 287 45
235 251 16
235 104 3
77 4 63
225 310 14
42 86 88
116 61 19
136 45 70
1 303 68
276 317 13
156 40 57
204 324 47
197 267 66
3 261 37
260 108 36
99 330 41
275 190 55
339 136 79
47 87 36
307 64 90
295 318 10
237 95 53
120 168 75
4 165 82
116 273 31
112 9 11
282 40 28
313 343 39
244 346 67
305 269 29
102 330 54
102 284 30
187 41 93
70 234 63
10 218 24
39 190 84
123 253 77
275 16 73
257 124 36
206 118 6
61 16 3
99 253 58
43 225 22
76 222 6
254 212 33
253 114 52
136 43 67
239 114 13
196 106 20
107 30 34
125 321 40
42 182 68
19 305 1
221 279 89
96 36 27
147 258 23
202 46 94
180 345 30
175 118 70
346 240 15
204 73 87
328 96 34
96 276 23
345 195 99
17 284 27
201 208 86
221 38 100
159 292 72
201 253 51
323 71 6
342 223 88
152 293 98
119 111 8
346 146 3
166 278 89
335 124 1
263 47 53
219 200 13
101 142 10
315 133 31
310 15 61
4 18 69
176 102 48
227 72 26
196 229 5
257 98 69
160 101 95
274 28 45
33 55 76
45 8 69
252 341 16
59 328 68
251 189 57
338 259 62
52 300 64
254 167 52
152 199 14
136 206 94
318 82 32
249 58 55
175 319 93
52 110 17
258 114 87
53 220 4
243 199 85
216 233 28
129 124 76
19 181 49
