376 2189 164
164 1 7
1 164 4
238 295 48
121 293 92
161 136 48
361 107 1
136 151 16
117 31 82
181 24 97
290 275 26
294 154 58
376 169 22
239 103 81
39 178 58
88 94 1
177 215 60
62 289 30
193 119 89
182 244 85
322 296 36
77 245 49
226 21 16
165 157 47
231 37 97
366 51 26
40 50 13
260 148 90
304 90 33
238 18 26
206 222 40
23 184 10
194 17 91
106 267 43
85 38 83
235 285 80
55 314 27
156 124 73
108 163 78
273 248 6
263 84 21
231 43 58
16 91 95
194 248 67
88 374 95
122 247 41
366 300 52
44 273 68
9 100 41
319 284 30
165 108 39
370 288 100
284 226 80
299 110 14
343 75 40
199 270 71
338 247 74
325 172 24
222 365 99
56 210 80
351 231 55
369 166 32
142 146 91
130 351 13
189 84 25
74 37 45
219 232 99
375 316 17
61 321 14
305 362 59
271 325 49
188 201 21
142 19 4
208 316 28
110 306 21
37 39 74
5 49 82
365 69 32
365 289 63
268 143 45
318 232 4
103 189 76
16 213 54
167 350 90
321 142 17
372 179 97
184 156 55
180 376 94
210 141 98
136 107 26
183 337 54
260 111 43
321 226 58
240 279 98
302 76 38
242 53 28
165 128 93
269 240 29
165 9 9
223 293 16
130 9 57
90 262 73
29 55 4
166 193 45
96 99 28
16 1 85
128 192 89
189 363 99
296 339 91
237 237 28
256 335 7
172 213 33
80 234 52
337 328 76
98 187 33
125 44 3
75 92 35
98 170 20
70 285 60
157 305 40
307 138 100
263 146 69
70 245 26
177 326 71
350 174 99
199 137 29
298 114 16
351 345 78
11 155 50
349 307 34
257 329 79
45 272 72
304 201 92
244 175 61
144 254 32
137 217 47
22 120 18
307 162 96
19 84 20
73 164 35
143 72 99
229 183 11
180 87 88
170 18 31
63 150 29
80 247 10
152 232 21
242 7 49
3 200 34
8 281 12
16 221 50
363 287 88
252 322 55
52 27 29
65 112 15
239 291 78
119 193 55
165 40 18
138 96 61
344 176 23
63 86 27
277 321 2
175 79 17
97 88 11
3 180 69
122 204 67
195 4 39
245 143 9
156 41 16
309 187 26
87 34 47
115 145 53
144 244 81
363 288 43
362 302 27
99 38 93
344 100 47
54 269 21
50 309 70
20 102 51
298 169 14
41 63 63
105 143 80
133 135 8
41 340 52
109 297 59
272 302 87
372 209 85
156 38 16
375 14 2
160 174 37
242 359 41
215 325 2
203 11 77
333 124 95
281 368 38
319 22 68
185 281 76
348 137 67
288 193 83
119 330 80
162 28 41
43 283 64
123 164 9
340 27 44
287 197 6
110 355 98
346 99 95
71 88 76
44 239 79
4 16 89
85 182 17
111 369 45
237 273 36
137 115 27
85 149 63
112 124 3
72 14 56
246 140 38
244 249 91
42 99 35
109 155 1
221 46 98
46 264 2
133 349 75
229 310 90
294 165 94
286 192 47
280 238 86
296 76 38
274 4 13
374 347 50
300 192 6
53 33 54
343 254 92
54 353 13
24 53 80
13 40 54
21 61 22
306 206 28
133 144 47
162 61 49
137 30 11
93 245 7
141 227 42
176 113 61
101 293 23
289 176 55
251 260 3
313 242 7
23 326 3
249 198 59
371 303 6
289 290 82
94 358 81
88 191 15
99 287 32
253 357 51
334 10 95
314 356 70
5 233 94
100 220 23
279 134 8
169 352 88
206 333 94
310 135 20
335 78 39
126 5 43
26 9 69
362 295 94
365 60 9
335 299 80
326 220 29
248 255 76
126 198 34
290 117 73
85 185 76
219 12 44
107 302 60
39 190 93
176 358 45
202 324 31
78 171 7
64 365 79
135 131 37
1 78 68
30 58 46
264 97 82
240 271 85
213 355 41
255 330 45
131 123 52
170 315 63
256 6 15
283 221 13
264 13 73
77 341 38
246 15 73
170 85 4
156 302 18
6 65 74
41 274 3
179 368 98
183 21 59
355 225 43
363 100 61
311 229 28
68 173 78
15 368 51
134 47 30
58 180 69
131 293 86
354 13 10
280 209 15
199 117 23
282 172 41
160 205 75
74 105 98
96 95 41
274 201 86
77 181 64
283 280 49
304 86 83
145 280 96
84 119 12
47 361 51
219 24 49
248 332 34
265 193 62
83 37 85
24 206 84
36 195 50
151 334 51
42 19 6
349 97 34
361 195 65
69 47 23
205 153 47
4 24 85
302 169 73
312 148 96
25 277 69
115 190 86
108 263 86
26 103 20
97 69 27
217 49 4
312 130 100
120 133 63
362 366 32
354 27 88
204 34 38
171 77 51
310 331 99
120 149 26
157 79 4
98 17 8
363 287 32
110 354 95
67 216 14
94 75 25
293 226 54
334 163 31
357 6 86
108 310 48
18 331 56
294 272 37
232 206 18
265 310 63
22 175 54
278 235 48
366 60 79
89 321 88
165 81 90
291 164 2
135 244 84
305 153 70
361 251 38
53 156 15
149 205 83
135 195 80
355 6 6
198 34 33
105 271 62
261 162 56
307 318 3
152 126 73
179 270 21
95 67 82
354 132 9
71 369 13
80 92 98
225 18 91
16 211 67
204 215 63
34 264 95
155 220 63
109 172 26
105 143 72
278 228 54
13 261 19
316 85 50
314 122 93
310 292 76
282 44 32
171 212 82
373 291 3
95 178 99
367 188 91
30 182 25
325 137 47
158 48 44
349 23 53
39 51 3
240 116 50
248 170 81
57 306 98
54 271 68
282 246 67
191 188 84
157 277 64
349 228 62
116 23 9
278 249 42
313 291 10
113 367 4
270 88 83
215 133 22
112 248 83
372 74 76
77 215 58
243 171 91
375 83 20
371 267 10
179 221 47
249 367 71
19 210 81
22 351 52
240 13 71
232 11 94
361 284 50
374 165 11
299 161 19
253 329 34
148 75 50
265 15 63
140 13 68
154 352 66
43 33 61
47 182 69
201 110 8
223 145 90
363 227 1
16 171 55
31 229 52
356 92 73
207 325 94
134 259 95
161 306 67
376 291 34
350 151 51
11 247 77
370 141 50
34 216 79
369 276 82
11 97 20
196 154 28
214 199 15
208 57 48
150 251 77
365 77 54
13 316 82
68 313 91
35 197 29
125 351 47
3 303 23
116 176 70
127 6 74
309 63 90
119 298 61
288 29 77
338 144 44
192 292 100
239 172 69
370 71 21
275 86 68
30 234 18
12 228 99
170 19 33
16 285 53
35 99 60
258 350 92
264 315 64
352 272 23
313 289 98
62 362 55
33 280 85
108 94 4
337 118 89
107 205 8
343 45 61
364 40 96
271 153 44
368 59 41
251 222 56
165 266 92
155 88 62
270 98 71
331 111 66
353 107 74
276 205 58
273 253 87
147 36 53
294 95 13
326 274 20
95 107 11
358 156 74
168 300 75
375 50 36
194 260 49
11 6 74
155 106 79
69 217 17
202 24 12
32 307 43
289 270 47
65 56 38
116 104 68
214 4 77
146 244 45
20 236 45
73 204 62
113 371 55
157 77 2
47 308 78
93 150 28
94 16 24
291 372 58
156 34 88
254 86 58
198 159 35
259 1 65
320 142 31
249 228 93
212 91 95
156 163 17
362 367 84
201 376 76
66 201 17
58 375 93
277 353 39
359 107 56
275 198 34
114 108 73
299 173 4
147 23 39
101 36 3
176 217 45
238 82 83
216 334 40
133 175 70
314 44 69
255 296 19
10 139 69
85 266 19
156 81 19
298 204 67
197 163 19
129 73 25
196 285 43
245 350 36
30 318 87
49 317 17
45 64 44
143 341 82
159 187 86
298 240 60
226 361 40
240 270 82
118 22 84
86 353 62
289 60 43
282 343 39
16 166 23
121 107 32
356 304 46
173 52 90
7 202 28
179 367 99
38 322 51
228 343 39
298 160 35
363 367 91
97 124 75
252 319 48
100 181 97
164 120 62
201 311 3
241 88 3
92 174 15
198 301 88
202 243 21
68 368 96
118 69 86
128 17 49
180 83 77
3 94 39
19 246 54
363 169 72
226 18 36
235 28 25
355 187 93
141 217 74
251 157 84
313 155 43
155 53 34
324 283 55
271 155 39
201 372 21
350 165 62
12 218 89
174 38 13
67 230 88
343 74 3
90 103 77
301 326 25
147 33 3
283 370 94
362 264 66
65 310 30
352 297 7
352 157 93
22 30 99
338 90 73
211 86 8
210 326 99
203 136 38
17 331 97
178 3 71
239 220 38
72 77 65
246 359 74
337 155 2
71 109 83
13 40 2
86 329 95
188 205 66
168 250 89
252 106 65
234 337 90
337 244 1
48 128 46
149 211 43
221 367 51
314 338 86
39 305 37
232 42 56
256 185 17
55 338 73
352 146 66
230 45 32
73 99 7
200 230 34
355 34 56
175 134 62
7 225 29
313 6 69
257 95 90
59 256 49
145 257 84
48 312 38
177 63 86
189 165 37
131 108 93
6 192 15
125 154 48
340 364 27
342 127 48
250 25 26
181 87 17
24 35 39
127 318 62
204 356 85
372 35 79
88 60 85
362 20 52
254 246 23
326 41 13
139 101 8
32 54 73
55 192 78
94 55 63
322 365 85
90 331 44
376 56 18
290 318 74
134 273 4
288 22 61
267 234 7
309 51 44
79 286 14
210 345 73
60 274 27
287 209 74
132 6 23
300 221 98
35 131 24
57 142 21
342 176 68
102 281 92
213 282 67
365 306 58
218 193 28
261 236 35
125 25 27
9 272 33
328 150 49
230 107 95
198 296 91
43 372 25
374 223 32
146 29 82
344 110 88
34 285 34
275 133 86
21 25 26
177 352 83
360 100 46
21 187 15
169 112 12
266 63 80
7 125 43
138 342 76
90 41 13
157 82 100
49 352 26
368 137 84
46 80 10
12 36 89
170 167 55
274 171 97
240 69 91
229 221 27
147 223 26
200 329 48
257 212 58
179 168 93
53 341 64
99 214 54
316 241 93
30 325 59
215 32 81
180 304 40
101 125 81
60 75 82
60 240 100
55 256 86
50 70 56
142 11 67
41 317 56
137 263 88
322 137 66
220 224 74
286 98 100
103 364 82
26 119 75
159 363 89
286 197 9
204 254 44
317 218 5
249 150 54
317 90 4
326 303 18
167 101 32
286 103 23
332 284 86
106 159 55
59 212 43
250 75 38
252 335 85
194 182 21
241 356 17
219 19 59
358 229 60
114 14 80
139 326 94
16 102 63
260 87 93
152 258 36
122 165 79
53 182 73
96 31 10
88 170 3
231 153 38
160 230 61
59 270 93
120 302 41
322 286 84
373 374 15
154 347 44
42 331 65
32 57 56
221 162 10
371 27 67
227 38 76
172 201 58
123 32 27
240 261 60
257 310 62
2 112 3
12 154 11
187 51 27
40 212 34
234 158 83
363 13 74
311 353 39
211 375 20
169 215 52
198 169 25
240 62 98
180 333 15
250 18 11
265 11 9
257 375 98
197 376 39
253 338 36
270 190 57
141 327 29
65 66 49
355 222 18
120 184 22
272 95 12
226 197 25
324 341 2
9 273 11
267 35 1
15 312 1
109 264 77
12 302 77
234 253 88
191 281 66
132 120 57
315 189 15
31 177 7
336 355 46
374 200 50
191 123 40
233 105 40
355 190 18
180 294 24
122 140 77
12 177 75
254 355 63
267 316 17
220 332 34
100 156 31
295 285 9
93 58 97
63 309 24
350 224 82
68 245 44
272 11 18
8 27 52
112 193 32
209 252 10
306 14 81
116 321 67
308 253 65
220 225 84
84 358 37
101 139 84
242 236 28
57 14 43
180 182 28
257 125 90
375 284 71
344 12 49
54 369 32
33 262 83
260 134 8
264 375 78
65 52 44
157 180 32
244 274 92
190 345 27
77 43 55
203 218 92
152 252 55
225 268 64
193 98 57
170 162 57
54 205 15
323 324 22
89 244 98
262 85 50
226 123 91
253 282 5
57 240 80
244 137 77
11 147 98
327 294 2
39 307 68
161 269 18
307 221 16
88 194 98
52 350 44
236 363 24
352 266 52
309 371 74
113 291 43
82 217 2
57 217 82
290 220 65
134 115 24
224 70 78
170 102 85
35 191 22
239 248 67
105 120 98
16 64 45
315 122 30
91 57 54
187 80 9
218 244 69
69 366 49
325 2 10
52 115 75
254 280 61
108 57 71
114 132 14
243 53 34
353 209 23
278 229 53
251 43 3
152 4 68
29 187 3
90 106 10
220 4 21
336 108 66
306 196 91
195 14 35
233 219 14
317 187 61
85 315 29
173 276 100
269 284 56
1 219 64
74 62 28
150 59 49
158 338 30
367 59 3
65 180 47
273 304 49
294 261 1
335 363 85
246 80 76
349 348 80
34 15 8
125 219 11
22 314 6
1 98 27
92 48 42
258 123 29
289 196 92
219 70 49
166 359 75
344 299 9
330 271 25
280 60 76
26 155 22
229 179 26
156 326 42
206 303 97
40 257 83
270 238 94
339 59 85
224 295 92
289 78 9
118 236 62
89 109 41
110 159 26
131 302 8
98 209 73
301 38 22
159 81 23
236 121 84
314 181 33
220 148 96
258 288 98
160 73 15
285 39 27
75 8 81
224 95 76
134 261 15
176 95 17
186 119 28
277 166 85
347 98 3
329 162 70
79 308 88
144 81 17
79 165 16
155 286 29
166 160 92
61 102 42
190 33 84
106 81 67
347 179 95
279 270 86
66 60 36
288 46 10
368 224 19
162 59 25
250 322 36
93 132 98
106 193 39
267 96 13
225 132 20
375 128 60
268 367 23
325 226 24
356 21 50
259 180 29
31 118 97
101 165 19
212 9 61
298 166 23
139 183 12
139 281 15
228 320 74
264 107 95
17 28 68
333 202 9
331 26 68
183 273 33
376 176 85
141 128 56
187 248 65
241 207 50
375 91 41
355 26 20
289 181 72
268 183 49
206 340 44
252 300 62
366 364 17
272 80 12
355 320 26
243 187 70
29 304 45
238 258 98
286 9 76
273 13 62
343 108 76
102 71 53
131 94 1
234 171 67
159 306 74
163 11 51
4 359 13
166 15 84
27 318 58
6 33 2
43 200 16
132 260 68
8 137 72
243 46 98
65 40 71
207 214 69
87 277 65
257 149 74
314 231 8
73 197 85
207 244 64
121 137 83
117 111 74
28 115 23
142 128 19
247 141 70
300 172 15
36 185 40
90 327 81
129 355 94
311 355 33
152 70 24
265 11 94
15 303 55
249 31 87
306 318 23
316 305 99
43 278 46
129 303 60
211 231 90
196 163 53
254 335 7
334 176 71
78 136 62
198 255 53
301 115 99
345 285 31
83 245 71
6 266 78
362 71 80
293 231 57
40 334 8
57 208 91
152 37 3
341 363 21
312 346 1
169 369 29
201 85 75
159 192 12
64 98 37
217 94 52
145 357 92
276 150 46
23 35 16
57 95 97
294 71 74
332 311 67
5 123 11
305 286 5
273 160 3
248 81 88
318 38 16
194 334 13
55 285 89
200 110 38
177 324 61
327 250 37
85 183 56
160 93 37
202 287 3
351 46 11
100 88 59
327 217 5
115 69 48
71 214 45
65 148 95
90 147 84
76 48 75
266 73 34
215 330 61
34 32 22
54 116 35
180 302 70
96 124 43
3 267 21
304 55 7
132 5 50
202 159 54
8 346 33
261 316 97
238 361 19
258 48 71
268 288 54
169 251 1
304 297 16
356 87 34
214 277 72
117 14 41
221 144 31
62 83 78
156 310 28
99 210 68
57 155 13
306 221 27
265 343 69
335 349 21
191 237 11
6 333 32
289 212 47
315 335 38
129 281 49
36 124 2
22 36 80
210 275 18
253 238 6
349 115 37
58 62 25
303 197 17
362 287 4
255 331 10
138 128 66
356 253 96
243 226 15
204 83 58
253 338 43
224 84 81
130 185 4
332 291 58
340 78 3
115 167 44
89 108 66
359 89 42
82 201 19
59 346 14
79 141 7
371 284 7
62 229 27
309 233 78
141 53 29
203 25 59
69 67 4
201 341 97
301 188 96
83 236 47
291 169 58
120 199 66
184 257 50
204 88 26
49 151 83
268 186 19
31 89 92
252 368 89
273 322 1
317 279 80
166 363 27
274 254 98
304 292 55
318 325 36
47 26 32
300 333 63
66 328 88
209 18 19
181 99 71
349 104 10
79 147 76
45 58 86
93 294 13
338 113 28
290 365 56
64 293 66
356 361 84
255 9 20
30 296 64
362 93 64
153 338 62
169 199 73
96 344 91
69 123 62
304 204 35
143 332 21
235 43 31
185 356 62
250 167 37
358 222 9
232 216 90
255 364 38
230 46 21
178 53 24
253 206 32
218 136 53
308 73 65
90 68 100
152 270 60
294 313 60
180 168 77
48 206 47
369 136 60
94 206 3
343 73 45
218 277 77
344 334 95
141 195 2
4 211 72
8 247 9
32 107 22
21 86 16
284 230 89
201 290 80
352 330 51
40 170 11
130 328 99
149 255 76
88 134 41
299 67 56
113 89 9
173 178 84
336 367 24
2 219 54
181 78 38
314 33 38
28 117 53
9 67 76
288 108 62
19 219 73
359 313 29
102 236 96
211 11 38
266 37 66
333 187 85
240 350 18
159 253 83
61 114 39
312 218 77
227 241 10
181 365 91
261 149 23
208 200 73
179 376 47
335 68 88
128 375 83
369 362 69
141 96 38
109 203 59
85 23 42
44 373 16
286 5 37
119 258 60
315 222 37
208 330 42
279 89 9
125 316 93
203 370 98
122 311 100
103 342 43
299 141 25
323 295 76
290 208 26
73 332 31
36 318 11
10 227 48
238 38 54
84 326 56
66 230 58
314 358 27
226 133 23
154 248 24
330 111 3
24 47 67
278 355 13
80 332 98
135 191 41
175 225 73
184 19 69
25 343 71
283 142 51
318 200 57
181 157 52
71 358 92
250 124 53
58 20 79
313 270 50
275 216 88
307 305 91
351 245 80
51 299 32
155 13 19
364 20 98
101 323 25
108 66 30
85 250 95
345 292 64
283 199 66
170 217 64
367 307 57
84 372 29
176 250 28
187 295 3
295 335 38
336 130 5
352 117 36
94 234 24
89 213 44
16 75 50
250 281 1
67 338 93
318 39 89
239 133 69
31 351 92
50 17 57
308 29 37
6 147 13
22 263 67
245 191 20
53 185 57
209 371 71
1 197 60
193 256 38
74 312 54
91 208 23
14 370 38
363 181 5
136 240 6
54 309 40
262 72 35
354 295 33
156 132 20
238 272 19
376 308 70
31 315 54
324 260 17
341 81 37
134 93 11
260 255 91
86 241 87
65 108 90
130 303 13
186 364 27
147 207 93
243 306 15
208 100 80
182 297 29
6 349 38
282 166 38
24 106 75
137 275 56
121 328 74
95 243 7
92 278 29
221 263 68
369 165 19
350 174 34
253 58 17
250 50 94
214 262 28
178 185 88
63 190 35
263 211 97
61 223 96
279 212 10
115 93 28
50 148 48
8 365 56
274 83 10
274 286 96
349 276 15
65 79 2
241 9 6
170 205 34
248 273 2
291 109 100
255 232 20
213 312 77
364 264 1
154 195 38
313 106 90
329 357 58
18 5 54
216 183 39
30 71 39
159 58 30
255 335 2
169 107 3
157 72 29
153 315 37
350 34 55
349 67 51
81 242 77
343 169 67
187 341 66
95 224 8
8 224 67
233 184 58
219 281 43
225 179 70
230 351 83
253 136 82
370 11 72
312 174 1
203 23 82
358 256 10
85 198 8
205 267 31
363 299 22
337 129 54
137 214 14
66 346 59
242 315 34
321 351 12
304 271 75
197 274 9
83 6 50
136 275 100
87 163 14
326 268 63
68 157 97
343 86 47
190 179 87
47 170 29
324 343 86
42 217 93
168 149 52
73 122 10
18 3 13
214 131 25
278 306 37
156 58 87
230 166 41
229 340 45
311 145 21
171 14 10
259 257 72
117 143 9
258 134 51
90 128 53
187 204 84
11 242 69
333 67 11
308 96 25
294 283 72
95 261 53
109 186 5
314 321 73
139 147 45
301 364 64
141 214 17
142 153 24
250 294 39
147 67 92
13 192 41
247 372 53
316 199 84
227 159 2
200 56 78
307 261 93
306 99 87
53 254 18
360 310 71
320 9 80
326 258 84
51 111 45
16 281 39
305 135 37
144 6 71
361 113 20
7 245 4
220 194 27
172 49 46
260 334 54
322 81 20
354 209 1
316 352 51
233 146 44
111 175 81
278 342 24
76 263 3
3 99 82
219 215 50
319 111 60
142 203 40
236 367 63
181 336 13
177 270 97
12 240 10
27 283 48
171 299 66
292 223 48
32 12 89
315 67 40
368 278 47
241 68 81
50 55 46
64 110 36
118 68 80
90 169 55
331 278 8
290 154 20
220 251 28
113 94 9
24 8 77
196 80 87
370 326 62
126 123 62
321 310 8
141 324 73
166 150 41
150 233 45
194 54 69
352 343 64
103 33 36
197 238 42
180 10 92
114 260 82
333 68 89
41 290 75
234 161 58
9 312 84
86 288 40
362 34 2
134 103 15
335 240 59
320 182 53
262 346 45
338 351 97
92 41 91
68 366 86
309 349 31
290 9 22
288 5 9
142 251 66
24 207 63
200 258 54
92 370 74
185 302 7
315 4 10
309 373 10
150 62 27
192 289 2
347 349 28
376 65 42
250 41 5
221 347 48
281 322 31
312 122 13
227 220 23
90 364 60
184 16 6
264 291 70
94 278 6
74 165 79
323 268 73
248 67 93
248 270 64
300 2 10
96 137 75
162 111 74
210 329 43
292 336 2
34 259 83
173 124 98
117 78 1
117 40 27
123 195 54
80 342 16
137 74 91
214 167 90
173 180 29
182 26 74
60 321 82
4 262 27
220 83 34
103 232 47
194 32 17
25 279 5
332 32 94
82 344 92
178 280 14
327 362 17
24 134 49
83 267 13
277 251 14
262 292 17
317 359 23
272 309 44
132 270 12
122 162 3
357 180 42
196 162 34
38 331 98
119 284 41
133 235 26
166 58 76
296 52 100
242 121 81
154 142 80
41 224 30
103 111 50
65 177 97
321 251 61
306 155 87
62 171 98
132 274 66
336 41 69
77 355 42
246 300 55
90 374 66
366 370 50
369 74 90
316 179 14
308 139 2
181 131 71
64 91 11
31 261 97
354 52 82
40 128 14
356 50 9
91 221 1
60 187 27
264 294 91
179 78 57
312 334 99
304 365 94
200 216 16
62 307 18
147 373 68
256 26 67
65 92 15
204 82 10
345 36 88
99 202 30
46 34 24
279 278 81
136 81 22
344 329 80
175 42 30
303 226 45
323 310 7
358 272 7
262 89 86
34 71 94
151 335 7
228 230 20
303 368 49
360 231 85
95 83 76
354 360 18
34 231 37
82 280 59
282 45 48
293 121 13
348 273 78
7 341 18
376 101 94
348 262 42
100 373 16
331 128 12
143 224 21
198 186 49
115 363 24
264 206 47
296 156 80
124 195 48
102 159 15
222 295 76
86 150 5
176 90 18
148 131 27
304 272 77
106 285 46
166 99 98
162 55 14
346 146 5
236 214 87
368 105 78
198 175 30
215 257 89
332 346 26
77 25 28
119 74 12
214 242 84
164 367 47
316 217 30
49 151 50
213 113 48
356 217 46
159 296 90
155 145 53
280 114 19
301 45 16
288 268 55
212 344 45
102 334 21
354 307 100
214 10 61
329 33 13
88 215 59
122 360 24
111 288 97
355 7 76
41 63 90
50 255 98
80 262 63
208 63 28
145 257 24
351 155 66
120 31 94
355 225 6
57 114 98
95 42 24
163 46 35
84 58 56
41 205 59
313 372 32
170 115 4
206 340 31
112 170 61
64 105 86
301 218 80
9 136 89
62 255 2
270 133 1
109 166 92
303 223 37
143 172 7
48 226 29
189 92 31
352 327 96
69 194 68
291 108 12
318 278 76
264 34 64
311 191 45
80 333 98
215 339 36
56 55 69
53 264 66
359 130 83
46 308 13
52 284 74
326 345 77
132 6 50
93 166 44
207 177 3
317 298 61
372 290 12
61 243 59
366 78 26
332 29 93
260 110 95
280 345 79
191 88 38
151 219 55
89 6 31
187 112 38
40 156 24
216 106 98
6 138 15
73 273 45
137 12 93
29 278 33
192 124 99
40 151 49
63 323 90
366 312 79
289 205 35
240 198 65
41 366 1
115 351 89
217 219 87
124 351 85
38 20 23
125 291 90
14 53 20
169 217 98
124 124 10
41 259 12
346 121 34
150 307 100
104 94 23
256 121 35
370 271 34
264 256 47
200 316 60
13 118 66
240 86 42
335 119 99
108 30 62
229 266 78
149 201 1
334 130 36
7 237 14
244 291 33
230 244 78
312 144 93
22 333 85
179 31 74
229 229 53
30 206 25
225 298 49
296 52 1
186 178 45
241 274 1
215 110 61
227 24 3
206 309 49
173 70 34
221 162 12
244 134 10
206 273 82
356 187 65
352 138 20
157 142 65
303 320 9
140 230 40
294 271 95
64 323 70
300 182 99
180 228 61
243 117 80
257 11 92
261 4 73
371 68 41
173 17 99
222 42 77
56 112 99
148 242 24
215 343 99
36 13 4
313 68 29
4 327 81
262 25 32
223 200 4
38 207 35
48 100 31
130 36 75
342 283 63
288 352 73
158 361 100
158 196 49
14 292 14
359 255 39
281 259 79
226 249 30
177 128 13
130 247 59
323 234 96
150 29 90
254 270 51
32 167 50
173 57 11
301 287 34
227 341 31
95 34 2
255 173 80
51 7 91
188 115 20
369 261 53
287 135 37
300 170 44
49 288 52
208 17 92
333 329 56
66 123 54
36 19 71
99 50 54
199 144 89
165 19 49
260 6 91
375 63 67
7 105 67
270 288 45
84 288 37
223 77 70
357 355 31
70 141 84
253 269 17
48 87 31
176 330 77
157 376 84
358 73 58
215 344 1
115 318 69
71 360 1
285 115 55
217 110 96
287 78 24
83 195 77
85 195 16
332 30 61
172 297 24
212 370 80
250 193 5
191 349 25
256 38 1
365 223 25
274 192 63
285 235 74
30 24 32
185 70 83
12 242 15
15 340 22
345 58 14
292 6 62
251 87 30
298 102 78
225 330 77
1 356 3
96 54 2
205 156 73
126 112 57
352 209 52
198 208 38
107 363 19
191 131 39
337 376 4
338 41 25
295 161 73
192 298 60
223 314 18
372 150 72
251 231 69
333 198 20
106 223 96
86 17 91
164 125 3
248 195 84
63 159 59
136 260 86
83 367 100
272 171 58
220 319 88
254 10 95
355 199 63
108 244 2
294 84 10
73 88 83
350 86 53
183 262 24
99 265 63
373 338 65
368 263 6
84 267 18
352 191 45
218 184 15
47 282 47
170 163 5
192 141 91
73 288 75
210 2 10
185 97 27
373 227 36
57 118 98
216 79 55
58 127 9
357 240 31
298 184 92
99 149 70
192 245 67
215 70 55
305 256 12
157 214 36
320 265 89
356 212 8
96 357 14
186 99 3
44 42 25
220 201 33
257 321 31
302 147 38
376 144 10
319 284 51
275 359 61
120 261 17
338 280 91
166 213 81
78 165 78
67 194 19
321 170 58
206 27 85
230 6 80
108 86 52
340 24 58
367 81 64
329 206 60
335 137 34
255 271 45
114 122 8
20 244 83
82 248 79
85 30 81
287 7 92
370 185 52
232 57 20
257 114 54
51 97 12
170 131 61
18 120 13
53 268 23
137 352 78
297 62 56
334 155 88
41 340 11
355 41 93
61 29 76
58 72 77
54 126 84
185 90 12
173 208 95
359 262 52
303 26 87
277 19 80
117 206 60
110 88 98
83 101 15
182 103 21
115 154 2
338 337 8
239 193 6
310 289 40
252 216 21
232 46 91
285 234 29
154 220 48
237 56 13
89 325 57
84 223 52
152 196 100
182 208 87
301 330 75
291 286 21
59 107 16
268 225 29
256 34 96
164 351 9
150 131 43
225 154 32
154 136 88
34 163 75
162 233 42
300 264 15
58 214 79
194 82 67
228 71 20
179 142 46
22 67 80
222 193 52
260 161 61
105 99 88
259 101 100
163 73 70
282 230 19
302 226 71
15 294 53
189 118 22
263 299 95
165 139 8
248 7 63
131 266 19
52 243 79
59 345 72
340 134 51
89 106 62
273 115 63
72 345 74
250 73 96
299 301 7
278 73 69
323 157 33
85 242 8
212 223 63
168 331 37
12 50 95
373 276 85
236 202 79
72 179 43
160 327 51
127 212 62
93 194 29
29 185 51
233 144 78
373 133 76
372 360 5
142 280 85
210 236 19
337 314 1
13 180 64
136 23 96
114 99 86
105 99 4
62 277 67
69 259 17
123 366 86
183 194 48
47 55 40
109 66 34
155 28 72
75 203 88
9 71 67
149 341 36
212 55 59
71 27 39
208 354 58
127 190 52
35 155 49
117 174 83
111 292 4
149 138 15
148 234 81
90 332 12
71 306 78
139 275 11
9 186 54
9 305 61
190 277 91
134 248 27
275 149 71
374 132 74
295 116 89
85 73 63
251 167 70
144 22 97
71 245 81
71 335 59
337 223 21
194 89 55
122 55 76
187 324 62
103 34 14
