286 2496 65
65 1 65
1 65 9
65 226 89
158 54 78
8 54 18
11 252 22
14 247 50
11 34 37
43 28 6
220 92 29
79 215 70
35 243 57
176 105 58
240 153 60
264 215 58
158 273 56
233 16 24
31 147 95
247 149 74
5 96 10
107 61 53
22 68 9
148 156 68
5 92 4
131 258 18
49 211 68
180 213 72
204 81 99
16 158 59
155 195 42
66 149 32
250 126 90
87 250 84
80 10 9
31 95 91
196 93 86
134 198 76
265 117 43
73 60 6
136 70 69
71 179 92
218 135 90
255 282 79
74 161 26
278 4 42
108 148 70
82 167 85
147 188 42
23 50 71
16 31 25
224 152 47
172 235 52
168 268 36
269 77 59
193 159 17
95 278 69
142 229 56
64 116 56
77 154 74
29 33 93
212 225 86
241 44 48
126 173 38
123 150 50
179 206 6
42 119 28
85 78 32
141 97 34
64 200 59
49 54 96
179 95 97
40 16 37
209 137 43
219 262 18
119 115 21
61 260 14
58 74 48
16 46 88
111 126 76
33 201 38
281 82 58
184 7 2
229 15 80
54 232 69
107 74 46
19 228 5
147 150 88
234 278 85
149 42 14
36 106 69
86 204 98
25 177 53
69 134 29
182 228 26
94 195 64
132 123 21
150 195 40
243 88 7
137 204 69
210 63 66
257 224 63
67 284 19
71 61 74
47 28 58
203 272 52
177 31 29
109 20 43
61 279 25
169 48 20
177 195 83
125 244 1
272 283 94
263 242 96
47 229 40
142 253 51
277 271 83
245 151 19
231 279 95
238 257 81
92 268 86
4 223 94
271 157 18
77 37 20
176 229 26
105 45 89
220 221 72
100 47 43
94 169 41
21 268 24
20 124 39
45 183 50
62 93 53
280 142 56
36 60 37
238 40 2
49 195 62
84 68 64
87 28 97
115 208 57
45 243 37
215 33 12
281 161 20
107 94 43
104 266 38
208 157 12
271 63 40
203 179 69
147 83 88
127 167 77
190 272 44
247 86 94
102 145 92
224 170 42
233 191 6
136 69 26
231 51 35
134 241 68
104 113 60
101 135 76
224 192 11
138 201 65
177 253 100
284 150 89
154 15 32
57 272 16
177 261 58
79 143 23
140 221 85
213 282 12
34 201 53
169 26 48
227 81 76
40 138 42
74 272 88
176 274 36
174 115 38
106 225 41
133 207 43
54 137 57
170 240 68
243 181 22
167 37 42
176 128 32
259 81 35
256 74 55
127 219 87
233 262 78
86 236 59
15 6 22
113 19 90
132 19 53
49 229 54
28 235 42
68 239 45
246 24 32
84 184 74
257 38 44
156 29 60
37 84 76
65 141 5
85 13 2
208 202 15
236 84 31
212 134 91
122 229 52
109 47 63
92 171 54
248 113 5
120 71 78
167 158 44
177 210 83
55 6 93
29 99 1
139 241 6
72 145 21
105 39 8
198 190 73
198 118 91
69 54 88
21 120 36
99 117 79
181 284 79
181 66 69
23 168 74
222 150 70
76 124 65
173 83 20
277 144 34
260 161 43
232 245 9
190 257 43
172 48 77
194 125 23
41 253 39
27 265 76
112 93 12
142 68 3
218 132 86
208 286 25
21 46 75
162 250 10
33 88 40
106 143 29
108 120 58
268 163 21
207 272 61
85 197 56
141 139 43
52 17 77
208 179 83
129 183 63
99 87 52
21 147 71
47 54 34
139 277 69
10 53 51
282 225 69
70 193 88
279 114 61
66 284 23
31 107 9
60 74 81
216 4 84
182 156 100
223 273 88
84 12 81
286 73 63
231 157 83
166 60 6
80 70 15
31 239 22
252 55 46
18 136 57
76 95 45
196 32 66
45 243 89
145 131 99
94 107 28
67 105 64
210 228 99
241 70 4
187 167 6
62 86 30
208 75 37
8 118 6
253 112 36
92 97 13
205 141 59
65 116 60
19 189 69
286 232 53
14 271 96
182 147 75
71 45 75
100 255 44
110 176 24
6 208 98
209 157 9
13 234 70
233 194 69
163 80 5
132 188 95
246 265 53
262 1 28
56 137 85
65 67 81
151 205 97
172 217 23
282 138 76
188 10 10
152 184 2
268 24 48
52 76 9
251 263 72
280 102 19
52 240 38
227 198 80
59 108 74
171 279 99
158 217 62
263 184 56
6 192 89
85 86 48
211 54 76
254 123 66
133 230 29
114 271 38
277 37 91
104 269 39
134 4 30
2 92 51
6 61 3
4 97 42
222 164 8
58 197 87
225 234 14
170 275 86
66 155 5
187 114 49
39 164 66
225 80 78
25 202 81
187 32 96
40 89 53
26 249 59
80 237 42
278 233 89
195 224 91
131 20 66
200 49 2
81 215 31
221 284 59
188 197 52
184 240 25
256 136 5
149 196 69
161 101 29
221 175 75
282 49 88
251 170 67
260 223 35
97 132 46
283 171 56
185 211 94
207 163 63
26 46 66
64 145 33
281 69 79
126 201 25
10 140 80
62 149 67
272 232 65
267 208 34
243 106 100
146 48 2
30 266 12
10 8 78
32 130 5
142 176 25
90 35 75
37 276 54
206 267 87
62 225 42
212 79 95
255 189 5
23 52 5
227 244 12
252 51 31
42 128 27
47 38 67
177 132 50
128 78 35
189 143 16
138 64 98
235 83 19
221 185 63
112 84 8
44 70 37
187 269 37
149 51 55
203 247 66
21 190 32
262 110 52
132 188 43
209 88 81
244 58 60
263 129 22
137 159 59
186 23 95
20 242 34
227 198 41
28 246 35
214 40 70
178 273 54
148 168 1
5 110 30
238 265 72
78 152 83
164 127 98
110 172 50
280 210 32
272 225 39
249 266 59
125 109 78
249 11 20
123 124 95
76 139 95
21 22 7
156 279 10
93 55 48
280 254 54
15 276 43
124 149 58
176 283 95
243 11 54
198 188 35
148 192 55
237 2 14
27 151 1
87 26 42
49 232 55
264 225 18
175 204 3
189 93 53
130 172 77
25 105 7
106 69 31
205 89 78
171 249 9
70 38 11
42 131 75
14 266 41
228 62 55
146 37 67
55 285 18
59 12 78
42 283 52
205 72 90
179 246 3
15 196 10
43 36 97
73 263 59
261 241 85
223 100 31
108 265 2
214 16 73
77 100 50
172 284 44
189 66 97
94 151 65
134 98 21
223 179 27
158 258 33
235 92 8
62 219 66
134 36 59
58 189 5
203 167 57
234 131 13
42 111 38
120 11 98
70 97 70
205 241 37
150 77 59
96 73 79
245 209 20
215 23 38
189 85 83
229 173 81
257 1 43
66 164 91
169 69 6
74 266 58
252 45 27
245 158 80
220 229 28
156 116 75
155 86 35
70 139 3
261 155 65
126 206 58
127 144 20
125 176 73
93 30 30
70 167 12
227 254 9
277 60 24
144 96 62
285 258 17
37 68 45
214 3 70
241 185 49
258 84 26
19 200 22
244 275 1
188 67 91
64 260 56
139 245 77
189 19 77
34 3 7
76 256 28
235 267 1
160 183 16
209 175 3
177 194 40
171 115 80
194 24 33
10 13 60
75 199 64
22 186 28
132 196 78
160 171 16
114 57 10
51 212 67
148 19 85
280 124 57
279 251 55
277 228 41
139 267 63
18 136 24
179 147 80
286 118 12
24 252 47
98 83 27
177 121 99
261 17 47
137 272 7
147 231 80
71 13 39
92 145 84
217 205 71
239 258 30
127 1 64
54 120 49
156 12 84
216 202 2
125 16 58
57 181 98
197 152 39
112 182 29
271 227 17
77 198 13
3 255 78
87 175 88
142 5 15
264 73 100
104 244 61
188 69 83
86 213 31
62 140 71
82 26 63
165 51 94
221 122 94
33 46 70
263 141 82
74 273 37
183 216 41
255 68 8
95 50 85
79 185 45
284 154 9
98 189 54
42 8 82
89 98 65
51 257 16
102 79 52
274 198 68
232 16 90
147 82 34
72 113 30
170 207 92
134 168 85
18 245 99
30 52 18
187 215 11
138 225 90
154 244 52
3 112 58
32 205 19
156 272 81
81 205 12
240 87 22
109 230 17
39 234 32
246 127 97
182 17 50
243 54 35
53 9 83
196 81 60
81 172 96
59 105 81
172 153 64
226 198 51
269 28 97
184 281 55
91 240 97
50 12 8
212 202 8
279 80 65
157 216 71
137 256 52
216 157 9
225 34 88
141 105 31
38 266 83
209 281 21
148 221 87
245 151 78
28 53 44
3 208 34
92 178 51
57 26 38
158 27 52
50 80 39
160 251 55
211 129 55
176 58 46
234 119 96
71 202 77
170 148 70
66 144 43
249 256 41
165 190 94
282 6 35
6 189 77
178 61 73
222 238 50
72 197 5
240 180 31
42 21 24
159 229 83
168 14 81
197 181 6
269 48 6
260 110 15
126 210 94
208 278 61
111 166 9
52 86 98
72 185 12
285 146 21
86 125 34
47 77 94
185 220 6
264 200 32
34 196 90
72 233 81
143 77 87
28 215 81
75 70 35
17 64 18
147 282 35
4 228 3
59 117 96
3 116 62
100 200 92
275 232 58
140 118 37
226 247 1
185 14 92
204 78 25
144 90 64
180 85 31
27 240 18
276 227 91
231 7 85
18 219 26
52 243 16
226 279 48
74 46 10
57 244 57
17 36 68
111 188 34
266 17 29
217 278 13
142 284 5
161 164 80
230 57 43
96 68 97
105 132 55
47 103 78
198 21 50
91 19 13
29 242 100
46 183 58
195 281 37
14 198 65
54 3 99
123 175 18
231 247 43
50 26 79
208 243 34
52 117 65
233 73 3
230 129 14
19 115 100
48 282 83
87 17 81
280 23 87
119 151 36
92 259 61
177 271 76
139 268 61
69 113 29
70 134 81
195 96 67
19 12 88
87 209 88
208 88 79
85 129 44
33 149 67
171 90 90
214 175 2
87 266 94
11 185 86
115 99 48
41 41 20
181 121 94
275 114 9
142 31 58
4 133 23
47 191 96
282 149 83
171 26 61
220 220 39
37 207 75
253 259 27
265 224 8
61 91 46
17 110 82
14 140 43
220 25 5
41 223 59
232 253 85
130 265 81
32 13 29
175 190 61
120 39 30
201 100 40
178 98 51
112 241 23
59 135 46
206 13 2
226 221 10
247 197 13
257 171 56
111 218 5
37 28 21
184 44 81
102 81 49
132 80 80
155 59 22
76 125 52
281 219 18
59 119 61
158 140 23
87 130 23
271 143 21
107 46 26
37 222 12
162 192 52
162 244 37
45 250 56
7 242 60
40 160 73
43 204 4
10 68 48
13 76 31
78 67 23
44 7 35
34 84 10
246 167 43
258 273 25
250 109 32
169 176 99
61 58 22
126 198 53
142 229 42
181 134 63
225 192 77
250 41 82
55 174 7
251 32 39
139 128 36
215 26 70
126 40 88
138 247 38
69 131 20
103 13 96
185 40 42
50 132 28
24 244 27
86 211 2
143 191 84
218 162 92
131 231 36
31 109 90
53 18 74
17 119 65
150 252 43
55 246 69
48 182 29
103 134 94
107 124 63
108 56 41
38 148 73
237 96 44
31 170 25
272 265 66
7 62 95
207 148 45
217 216 52
168 175 21
179 159 95
132 58 67
194 66 82
222 198 57
276 259 86
1 111 79
51 266 26
145 80 55
44 160 96
20 44 31
122 286 17
90 110 52
38 265 43
238 263 89
39 78 5
231 88 57
244 277 55
255 15 72
276 37 47
121 249 13
149 103 10
97 133 57
254 41 22
205 254 73
184 266 23
87 148 49
211 235 18
172 26 43
190 199 20
131 110 52
31 33 52
149 231 67
146 159 13
44 255 44
19 251 15
93 3 6
279 117 28
44 107 40
247 66 10
60 158 38
235 284 41
174 209 7
47 169 77
153 6 24
244 211 32
68 221 91
255 96 93
37 43 64
144 53 7
102 10 95
130 220 15
181 260 5
70 172 88
281 6 93
111 58 34
262 114 27
175 151 47
263 106 77
32 24 21
256 46 42
264 83 85
40 193 38
284 237 68
196 280 97
134 265 33
175 271 54
168 36 9
107 99 93
92 217 95
90 275 11
252 272 71
114 197 86
101 264 26
125 237 55
123 16 34
90 53 100
233 37 19
92 122 48
7 271 64
182 210 56
180 87 4
108 250 22
205 15 22
223 13 70
162 103 53
4 99 93
219 134 33
27 255 57
139 200 49
13 251 58
144 271 95
185 206 11
44 178 100
30 19 4
54 56 85
131 142 92
83 273 13
8 215 56
96 67 8
39 171 18
200 123 45
121 94 3
109 56 4
263 120 13
230 14 71
245 156 82
46 65 56
120 223 49
150 28 71
261 265 88
279 246 89
25 146 43
218 110 91
8 142 11
280 77 29
131 112 70
70 175 6
46 37 71
32 181 28
121 8 93
201 4 36
222 215 91
114 127 53
255 118 82
95 265 27
253 282 64
207 148 62
103 55 36
126 73 25
6 198 26
3 252 97
196 186 56
80 244 40
14 237 12
126 136 48
102 76 67
67 264 33
141 36 56
165 68 27
151 24 51
150 57 23
259 245 76
221 101 40
3 45 37
275 120 78
163 32 24
205 20 82
155 17 79
79 163 65
272 43 82
231 132 37
2 53 69
217 155 93
213 153 87
87 56 39
132 13 76
125 270 25
153 128 78
19 207 61
24 183 87
266 132 72
127 24 46
149 87 44
171 258 19
108 37 72
6 194 77
169 279 49
271 200 96
120 147 12
165 19 34
78 67 17
206 283 42
179 209 80
96 197 6
182 89 80
166 252 57
153 252 57
14 89 66
224 83 29
75 66 44
132 91 32
130 181 96
241 136 85
255 51 16
266 91 75
125 121 29
92 19 41
80 77 52
17 162 37
81 12 87
159 114 20
174 36 46
276 214 68
14 244 24
220 250 24
187 77 99
45 285 39
48 9 50
46 64 54
200 235 48
209 7 42
237 144 20
189 202 68
254 28 31
176 117 83
135 25 87
86 167 13
29 139 87
81 52 8
63 131 30
5 151 98
225 61 73
222 31 1
252 41 63
219 217 68
233 212 73
114 10 27
261 240 68
60 271 7
204 66 81
95 116 42
13 82 39
248 207 28
19 131 77
100 153 92
18 182 74
113 81 7
65 41 32
230 96 95
70 14 79
140 168 96
133 192 24
27 49 41
244 253 15
134 230 32
232 1 6
152 35 75
24 208 95
130 210 93
231 26 24
121 276 91
147 20 23
106 75 78
283 211 44
210 261 26
118 154 55
155 2 85
225 227 6
125 213 3
144 261 96
193 260 93
100 255 42
165 278 16
198 203 56
130 255 24
188 23 36
163 117 88
174 233 60
9 20 84
114 63 96
64 100 31
227 192 21
136 20 60
129 130 64
210 96 26
265 141 95
270 199 11
171 27 17
213 255 25
176 122 54
254 40 2
270 219 10
241 275 12
278 183 40
16 95 68
46 255 42
99 129 69
56 196 14
163 194 98
121 94 13
42 258 66
182 6 41
89 142 48
1 36 6
60 170 73
112 29 11
46 126 39
180 259 30
97 150 45
69 231 48
126 21 55
246 55 52
186 230 34
186 10 55
253 273 56
146 155 94
135 158 76
85 85 83
281 115 96
158 99 79
203 252 59
97 242 93
80 38 1
118 269 51
56 79 54
14 201 98
101 5 47
55 59 62
127 188 81
216 134 64
183 8 16
33 62 28
45 63 41
44 70 42
249 109 57
154 5 1
179 218 1
276 240 39
82 52 22
116 49 61
108 265 56
42 161 34
260 170 41
220 51 25
261 241 100
40 120 40
168 9 41
143 50 4
131 248 34
217 27 69
267 135 54
128 150 4
212 26 20
213 173 49
195 224 19
148 176 29
212 264 46
231 283 15
126 80 68
225 23 66
213 55 75
194 245 91
8 171 84
25 186 100
56 14 71
207 148 22
237 11 1
171 59 99
7 230 17
70 206 58
173 203 55
65 146 86
6 78 85
19 187 84
197 135 53
87 54 28
35 275 69
260 77 22
194 201 64
79 89 75
145 135 17
30 53 17
90 96 12
143 165 20
76 236 97
257 17 90
195 22 9
110 263 43
170 152 38
263 113 13
169 122 6
275 194 89
37 132 16
259 206 74
28 53 34
194 34 89
24 123 5
168 3 73
22 101 18
224 192 95
263 198 34
185 276 47
224 228 90
164 145 54
7 228 7
264 270 82
196 61 80
156 211 29
137 186 19
256 202 55
257 109 25
223 146 48
2 159 36
80 66 38
170 151 21
94 49 33
163 82 19
97 202 58
46 258 97
172 281 76
252 99 24
28 229 99
255 11 32
39 243 2
116 221 73
231 122 31
16 257 91
283 181 91
157 143 25
110 253 84
274 16 10
86 56 93
126 199 78
199 171 53
231 95 32
120 212 65
94 164 91
279 172 10
84 55 99
264 271 55
129 257 70
93 200 36
142 93 7
266 199 54
228 185 7
197 53 3
87 178 6
130 180 44
177 66 2
13 55 43
226 285 75
86 190 48
192 83 49
256 176 25
160 228 20
195 3 50
216 132 24
28 153 9
20 153 28
165 190 42
47 82 72
270 1 87
130 277 17
182 193 9
18 144 79
1 127 34
129 101 63
268 161 17
20 166 87
22 14 63
173 249 4
138 183 14
194 205 2
284 121 56
4 215 28
66 33 82
237 89 16
137 259 8
212 131 78
218 247 1
139 258 11
224 142 84
141 173 83
160 46 87
260 141 87
201 240 83
246 129 40
61 63 26
105 8 64
209 99 15
143 119 64
44 6 96
32 61 52
246 280 11
278 280 33
118 80 18
119 179 62
151 259 61
125 218 27
200 147 46
20 236 87
43 122 66
48 24 54
97 45 77
283 80 7
167 143 7
2 36 15
151 35 34
8 29 33
127 180 26
209 43 27
133 57 33
278 213 63
94 127 55
200 67 91
125 72 1
208 249 72
19 92 34
90 217 47
46 98 19
60 97 65
34 249 71
125 69 61
162 17 73
178 246 2
215 68 3
178 136 16
126 143 93
29 252 67
124 4 29
108 27 91
7 9 82
19 228 7
279 106 100
243 96 50
115 49 36
201 80 46
125 112 29
112 68 14
163 151 26
237 123 5
234 277 91
37 177 48
225 143 10
255 172 51
210 106 43
90 263 84
100 64 2
39 280 33
30 279 39
188 189 37
247 139 29
183 282 29
62 190 58
108 218 98
106 2 2
231 265 95
169 248 13
91 204 45
94 207 61
141 202 32
209 16 82
231 151 33
207 106 25
190 150 56
78 109 47
151 263 62
195 94 70
93 8 2
231 234 56
266 173 35
258 8 7
74 245 82
113 130 57
131 240 96
146 132 81
43 96 74
105 197 18
212 279 85
265 36 84
71 54 94
233 105 44
225 235 33
262 173 23
112 140 7
183 98 69
81 29 65
249 85 30
254 189 85
242 163 48
174 267 5
16 98 74
165 223 43
152 106 96
80 67 43
236 76 33
93 236 64
152 280 2
28 146 35
16 37 75
100 281 50
93 190 92
270 224 73
145 117 46
181 260 17
108 231 66
186 104 61
226 6 68
164 237 1
7 187 74
232 64 23
90 131 47
268 260 36
110 137 78
263 49 79
138 47 56
238 37 33
149 215 79
91 281 26
237 228 36
113 83 47
229 269 10
97 157 47
54 282 54
50 207 31
46 22 14
134 107 79
64 270 85
236 108 41
266 9 52
166 14 47
234 190 37
176 274 51
104 249 46
167 269 28
71 14 83
253 10 19
208 35 37
148 114 83
242 249 92
146 120 71
227 258 25
203 270 73
87 215 58
117 169 46
84 121 68
283 241 23
269 132 96
199 225 21
47 150 37
5 225 16
253 206 62
165 270 32
35 39 37
121 24 35
165 109 2
24 281 16
56 189 69
217 96 1
177 81 93
256 161 31
151 67 11
170 253 99
45 130 76
253 78 10
121 71 64
204 144 21
40 119 48
213 17 52
16 227 21
170 277 69
81 81 71
113 247 55
101 55 91
61 159 69
39 115 22
239 208 4
38 41 22
30 91 27
226 44 69
210 261 71
156 169 66
73 220 40
112 246 16
274 112 13
31 86 38
66 63 71
278 263 64
25 99 48
44 234 20
158 32 33
182 17 84
95 79 24
214 158 47
123 76 29
119 39 28
233 25 25
237 89 47
83 192 81
253 41 12
162 14 74
113 256 79
234 143 41
47 254 10
103 170 2
2 101 99
212 94 24
163 70 65
198 18 72
106 173 76
192 65 2
219 192 96
77 144 41
67 109 44
14 15 54
45 162 77
250 165 73
231 259 24
249 62 31
53 88 78
209 144 7
73 203 20
81 62 53
69 91 90
168 232 40
199 108 6
115 7 85
274 100 83
166 182 81
193 246 79
167 178 98
207 234 53
267 8 53
133 99 97
215 20 98
188 57 24
245 281 94
103 71 49
170 114 33
140 136 92
278 50 25
113 120 55
79 54 34
242 179 90
240 15 67
16 243 9
17 77 77
24 181 61
206 29 90
63 162 15
152 208 80
47 9 56
120 170 51
137 31 36
108 228 93
280 180 93
43 252 36
172 194 6
258 171 92
66 240 77
206 22 2
165 192 68
142 178 48
188 243 85
31 30 64
247 98 74
56 228 45
75 172 27
40 173 32
77 146 57
138 15 57
134 17 14
196 275 55
193 283 51
56 145 28
87 40 21
226 36 40
88 282 62
261 168 17
206 68 66
188 173 59
182 118 7
91 158 47
122 164 11
169 101 83
232 180 29
224 43 29
69 57 45
43 133 86
115 1 7
127 250 67
163 192 46
32 142 12
79 87 19
24 27 48
163 127 15
272 87 100
261 105 78
55 174 86
99 233 5
265 12 50
270 231 79
95 264 19
46 111 98
14 23 79
156 195 3
94 122 98
62 269 75
259 275 36
92 3 61
217 204 54
67 141 2
180 44 7
197 207 83
186 185 87
247 185 91
142 275 87
186 199 11
120 41 46
278 15 95
67 1 50
53 5 52
270 70 90
207 205 30
264 83 58
144 212 78
132 49 53
158 173 26
125 207 35
227 279 26
74 166 65
255 231 2
108 224 10
143 118 40
27 197 36
277 16 76
162 110 9
43 91 9
2 100 61
213 262 39
210 283 87
110 121 90
208 34 47
227 184 100
136 212 27
187 248 43
102 214 12
168 213 99
185 234 37
195 80 32
177 9 41
109 95 39
173 192 85
197 217 62
219 36 15
187 250 43
21 34 72
176 109 35
118 102 61
267 238 10
77 249 77
14 137 25
267 149 86
63 118 1
277 237 55
16 179 76
67 88 90
165 174 65
109 163 62
182 112 43
190 69 72
81 227 11
111 20 73
268 121 72
278 14 84
77 223 15
7 37 37
144 102 91
98 93 46
225 65 86
102 180 25
127 146 73
43 149 7
215 247 34
48 236 11
212 64 46
218 262 74
171 25 100
111 95 10
129 114 8
207 169 43
64 269 38
269 40 89
155 124 37
84 271 82
120 284 76
66 225 42
14 271 38
235 99 11
98 162 12
239 56 57
141 181 5
98 204 28
29 37 62
15 214 37
111 78 52
20 37 79
88 247 61
236 121 25
105 65 6
210 272 8
171 97 43
275 49 8
151 22 100
277 181 68
200 163 4
278 3 96
224 63 14
38 67 26
68 263 46
285 97 22
35 235 95
109 249 50
26 86 75
145 128 41
228 268 61
235 36 93
15 16 97
147 15 48
39 113 1
193 149 9
48 87 68
245 139 52
22 105 33
215 40 88
196 173 80
18 251 38
176 74 77
185 9 63
18 250 38
249 166 39
262 229 70
169 235 30
270 167 92
128 70 62
244 4 80
165 57 28
105 45 30
73 117 4
214 238 64
261 159 69
8 15 23
208 64 64
267 43 9
144 264 78
178 29 78
277 11 49
42 105 94
250 65 74
160 55 2
97 207 50
189 139 91
235 98 15
4 74 7
255 198 24
167 261 93
266 154 76
149 258 97
249 186 20
99 228 94
84 60 18
72 101 9
148 8 81
35 268 87
249 144 59
10 159 58
278 81 94
135 226 17
20 45 40
202 239 57
208 74 66
179 242 66
254 205 61
191 246 82
280 197 47
151 201 69
123 104 74
108 123 63
5 140 36
15 125 84
259 277 75
268 188 97
162 130 85
118 31 39
209 136 91
205 235 7
91 72 47
197 115 56
190 277 5
9 45 5
137 166 29
240 243 72
126 104 47
90 137 26
141 74 79
201 157 23
67 69 55
46 193 86
207 276 12
186 173 85
273 130 64
195 43 57
277 138 18
157 199 50
78 76 47
161 242 28
65 155 98
77 193 4
117 202 92
43 156 55
143 232 60
203 161 15
268 269 79
83 271 52
48 157 39
190 224 14
187 179 6
182 15 90
233 216 49
135 269 22
221 137 23
277 42 13
191 257 14
64 33 2
244 103 26
286 43 67
48 150 3
216 203 83
267 46 61
24 164 55
107 52 8
197 199 56
275 263 76
38 189 20
268 37 16
65 118 94
270 227 77
28 228 36
13 228 9
264 23 29
17 42 94
8 223 80
106 55 78
112 18 97
182 253 61
209 168 42
229 180 37
59 124 66
131 134 28
249 226 9
199 138 66
105 70 61
18 274 62
182 198 24
78 146 8
234 218 58
73 142 48
239 284 66
106 92 22
113 8 91
129 33 41
276 59 73
34 210 95
243 227 99
18 101 4
104 113 13
61 282 33
51 184 48
109 191 78
39 68 84
52 221 25
91 12 59
196 172 11
166 203 66
269 213 44
68 82 99
19 12 19
91 144 65
220 64 55
145 190 59
231 54 28
67 245 31
31 267 46
264 185 76
54 214 54
125 281 81
225 259 33
203 83 13
175 129 46
8 224 51
261 67 50
130 208 63
47 110 10
112 260 83
139 32 19
43 254 90
268 136 78
133 263 15
132 191 88
156 71 68
51 111 67
171 246 16
48 220 10
228 256 73
208 42 75
175 6 95
39 281 49
9 25 79
163 252 57
268 250 38
55 235 42
36 252 94
75 256 81
74 231 75
144 264 91
245 259 42
250 193 52
144 95 52
282 203 63
101 152 73
128 183 59
172 148 57
32 16 62
207 247 12
23 55 9
238 90 56
59 259 89
272 265 70
35 140 55
278 137 53
137 261 30
82 47 48
260 89 93
249 115 44
67 283 77
139 85 79
3 50 82
93 6 11
104 211 71
93 225 73
9 241 83
250 35 16
159 59 43
208 268 30
209 76 20
276 234 70
278 17 67
119 267 29
15 110 35
235 70 85
69 48 82
29 24 21
28 144 25
263 189 39
115 267 29
102 152 98
45 179 25
236 233 96
250 120 20
284 198 95
219 42 92
107 93 36
12 121 7
63 194 46
106 244 42
187 214 89
183 132 33
57 74 86
63 81 44
170 104 17
126 280 88
18 128 47
231 27 79
218 54 70
53 194 75
210 184 22
227 200 22
197 168 68
208 21 42
73 241 98
276 205 55
161 223 38
207 154 24
45 11 11
187 19 67
125 80 43
188 203 80
65 218 29
279 90 43
251 22 36
261 145 22
50 201 39
36 207 51
179 262 57
28 22 6
250 154 88
225 151 85
40 230 90
151 13 45
29 264 88
98 237 1
239 60 23
204 44 20
37 274 83
124 259 51
170 233 44
6 278 89
17 29 57
71 76 75
250 53 54
180 185 83
148 137 31
137 220 29
63 263 56
75 110 47
55 146 44
219 107 46
73 82 28
168 164 43
35 109 22
29 271 42
223 162 37
200 257 97
134 142 89
113 211 83
236 101 41
99 154 47
72 222 37
1 231 55
45 49 83
267 47 69
213 10 54
189 143 61
114 236 90
51 250 10
91 25 59
137 85 92
115 250 46
98 131 42
224 238 93
144 237 82
239 262 4
259 5 58
24 266 33
201 149 79
253 208 80
260 19 89
29 225 25
176 206 92
87 223 82
1 185 81
271 22 3
247 217 91
140 178 95
148 6 81
54 49 68
191 113 68
183 259 34
192 207 82
12 238 39
60 1 53
75 19 35
191 197 28
229 201 30
60 151 67
238 44 68
121 168 39
95 176 65
28 154 67
212 159 23
2 112 25
39 197 36
117 115 29
201 236 68
156 140 36
13 183 2
46 185 36
211 215 79
273 61 20
133 157 41
267 198 59
166 126 73
114 155 37
99 256 14
210 65 41
230 45 37
77 56 52
38 197 53
79 78 98
140 174 76
140 19 50
185 126 33
268 269 41
67 247 75
267 276 48
148 170 14
12 196 75
203 218 11
73 174 45
163 277 73
167 104 65
34 212 67
279 232 71
107 182 39
230 78 93
26 238 57
82 264 26
282 197 57
128 154 15
228 85 67
161 281 96
210 112 87
134 59 65
57 44 50
216 272 35
9 286 42
53 167 19
140 111 15
130 94 15
187 281 91
254 53 22
19 231 11
199 286 72
109 72 79
196 52 34
157 172 56
137 91 85
201 40 10
95 59 27
86 263 98
18 4 42
133 84 3
47 21 59
55 85 41
65 136 13
71 159 23
190 30 15
45 100 43
184 133 85
242 82 52
17 166 54
30 124 2
175 261 81
181 34 60
263 285 41
3 150 97
281 237 78
235 178 2
103 132 80
241 229 6
241 104 6
89 39 73
18 135 64
19 162 31
8 101 84
42 32 48
189 61 12
42 18 2
138 119 16
9 189 29
243 101 34
143 167 64
240 186 46
18 29 81
5 229 27
80 229 10
2 74 24
4 245 68
77 80 61
140 45 45
137 135 23
5 7 31
146 140 2
161 204 91
97 241 76
280 197 21
85 72 62
217 128 51
57 40 96
128 217 31
161 9 42
136 123 98
245 69 21
47 44 42
189 59 21
100 6 6
234 238 2
14 13 18
248 58 54
240 182 46
94 30 61
132 214 82
235 282 8
132 100 17
12 76 98
231 19 20
190 77 64
109 136 4
197 63 90
9 167 23
139 155 90
117 117 56
176 56 29
91 149 80
271 32 78
155 263 54
79 76 76
268 265 93
97 77 51
209 242 65
83 116 23
88 94 85
40 27 66
130 161 33
31 182 45
282 118 33
51 271 99
267 243 49
184 245 97
126 214 30
229 113 87
58 18 21
31 188 98
11 256 85
231 39 94
54 130 99
8 185 4
20 137 93
233 262 62
110 187 68
241 232 86
228 53 81
43 14 21
60 203 98
186 103 63
283 249 86
230 214 26
58 261 26
258 111 39
218 18 92
226 84 45
121 149 82
194 100 29
174 28 58
243 135 74
90 247 19
204 107 92
286 102 25
162 88 98
217 278 92
236 74 29
116 141 32
169 8 5
227 256 49
20 163 46
189 117 88
32 56 88
285 41 30
208 233 48
142 279 62
203 247 93
42 202 25
232 122 4
261 141 9
202 133 50
162 103 56
62 135 92
58 81 87
161 191 73
192 142 37
163 258 47
7 149 56
55 21 30
103 66 64
144 43 36
184 173 82
129 258 3
11 88 83
87 257 35
135 16 75
142 233 86
159 105 57
228 4 2
125 64 90
119 236 25
115 9 39
35 20 29
30 137 22
120 184 73
85 185 76
69 13 89
265 198 20
132 9 52
244 122 93
178 238 68
270 53 51
133 5 66
230 46 87
78 124 51
190 209 52
7 107 88
261 211 63
241 103 96
182 161 90
69 234 84
144 8 9
64 211 61
178 85 50
35 11 11
221 153 95
86 24 64
92 251 4
87 181 3
228 77 42
157 285 58
199 216 72
165 132 65
21 64 8
254 248 50
80 216 92
161 267 26
283 185 16
16 129 35
211 48 69
220 229 30
39 232 9
121 94 67
112 80 24
236 264 24
205 177 99
103 132 17
175 98 94
107 105 40
119 17 39
269 171 90
76 261 62
176 263 95
193 241 42
16 29 72
245 115 43
169 149 61
257 119 42
235 89 97
239 91 19
50 144 23
192 230 22
136 3 52
41 47 46
203 192 84
66 204 2
286 151 6
277 174 1
90 226 8
171 152 84
271 206 43
176 105 78
8 3 44
11 151 56
278 66 35
37 180 99
17 279 20
84 122 87
264 259 17
182 72 76
251 16 21
142 216 69
99 193 57
197 73 61
269 43 23
50 195 48
157 77 97
179 164 84
240 66 33
127 239 50
14 220 81
272 225 55
63 190 47
18 245 45
166 147 88
138 96 14
132 185 89
127 247 83
71 151 54
191 41 19
99 124 76
103 67 42
74 158 79
19 210 31
281 104 90
50 86 15
80 236 92
270 86 53
188 279 81
201 127 8
27 31 38
139 237 34
95 116 91
241 258 96
254 68 10
119 133 25
283 23 5
35 52 63
151 60 95
231 243 62
95 7 81
269 197 49
138 83 81
270 11 43
242 152 90
229 126 53
131 5 17
116 242 88
40 100 61
91 3 53
281 200 24
4 196 70
274 277 36
223 286 96
17 94 48
127 12 10
228 59 91
52 66 61
258 202 95
271 240 90
228 151 34
265 179 49
25 212 55
31 207 73
8 49 76
155 94 63
262 21 88
166 260 58
217 113 95
55 23 23
235 169 6
5 136 70
110 177 96
124 257 47
27 136 40
192 149 60
173 42 54
179 193 46
175 71 36
121 231 32
244 230 2
16 258 65
185 283 92
77 33 18
106 105 54
76 55 89
89 269 91
158 166 88
40 274 28
267 66 28
89 37 43
127 279 20
178 170 99
37 222 73
239 128 72
136 273 69
159 280 46
199 41 17
24 96 94
209 114 10
93 13 26
98 245 75
209 109 34
233 116 87
49 198 10
158 98 22
88 241 4
24 192 90
27 95 9
