80 3655 45
45 1 79
1 45 42
49 23 100
74 31 12
30 30 66
60 63 76
55 31 94
7 29 87
20 7 77
64 11 71
26 1 30
38 19 79
60 24 97
43 39 63
20 73 12
61 76 24
22 47 42
12 33 27
64 62 26
35 71 30
61 20 87
19 33 50
10 79 92
23 4 22
38 67 15
76 24 95
52 60 6
6 28 23
73 3 10
60 16 35
38 13 99
8 45 17
1 64 54
66 48 27
61 26 70
75 5 58
29 50 33
76 34 49
6 65 3
14 44 3
41 32 27
4 27 26
23 80 68
33 14 19
9 22 41
80 36 14
44 15 60
1 19 45
21 10 91
66 6 78
29 52 16
64 72 4
22 72 24
60 79 35
74 19 74
10 5 90
59 26 100
18 18 37
44 13 35
33 41 45
77 52 36
46 53 83
62 79 47
40 76 23
57 56 100
68 24 78
74 72 96
30 2 2
12 1 19
53 8 25
60 10 59
68 76 98
32 14 67
12 9 22
69 31 32
47 58 20
46 79 20
14 31 9
44 6 19
3 52 78
5 35 63
16 59 49
63 70 18
42 5 10
12 1 49
35 12 40
28 5 15
78 2 76
53 67 45
49 42 43
47 38 54
60 52 46
58 56 37
1 22 28
30 72 84
39 76 25
56 9 47
16 66 51
27 18 99
54 6 87
28 64 2
11 75 85
65 24 30
31 54 87
1 58 85
65 67 62
77 63 6
51 31 19
8 64 12
73 38 30
40 78 94
72 69 31
6 32 52
3 31 22
48 67 92
67 31 33
18 22 61
66 27 78
47 9 69
71 9 52
11 19 32
17 67 63
55 74 45
54 21 65
2 49 29
50 29 37
24 15 22
60 78 14
11 37 57
38 77 100
60 50 80
26 26 6
61 46 83
54 26 26
68 24 23
42 62 71
55 16 47
25 26 91
26 59 10
57 23 32
20 36 14
22 18 22
43 76 79
57 4 94
24 50 34
19 12 36
11 29 42
61 22 67
50 17 55
73 6 98
59 16 98
10 76 57
55 44 47
28 4 42
77 16 71
50 24 1
14 33 14
42 78 48
8 3 82
39 60 41
78 77 44
41 77 21
46 53 13
36 79 28
42 16 52
12 31 78
50 37 43
2 19 47
61 37 55
4 25 17
42 30 84
79 60 49
35 45 77
37 26 18
45 48 27
48 31 65
77 46 88
47 52 35
16 56 6
44 17 52
53 2 63
26 66 91
9 68 4
12 24 41
56 1 35
11 26 70
71 80 61
67 30 14
36 39 86
78 67 19
17 72 69
20 79 42
49 45 36
64 78 15
60 7 35
58 66 11
6 66 21
42 24 12
39 10 69
22 24 30
17 54 40
58 54 79
66 19 46
24 54 93
17 23 69
60 48 67
77 71 16
53 61 55
20 78 51
17 24 100
80 79 51
62 59 47
67 72 34
38 48 26
33 33 67
47 32 88
14 75 38
72 59 56
77 68 56
76 35 92
51 31 99
53 66 7
56 41 27
31 21 87
57 5 36
80 1 52
65 19 82
51 69 56
80 2 20
62 74 88
46 37 78
44 75 1
66 72 41
16 5 56
34 18 13
49 7 16
27 22 60
51 72 87
35 64 79
22 15 73
69 74 57
49 19 98
2 26 61
52 9 25
60 22 50
66 66 32
25 1 14
40 76 8
29 58 22
74 26 92
50 25 95
80 51 59
4 55 37
55 23 14
45 43 2
54 5 5
49 58 82
7 11 95
45 61 36
28 23 46
55 79 9
49 60 39
51 38 83
34 21 8
21 80 27
1 21 87
59 47 74
22 65 68
57 22 24
10 72 34
10 33 85
38 66 82
12 9 39
18 37 82
80 80 75
40 37 35
14 46 70
31 20 72
13 78 16
70 32 70
52 7 73
7 16 67
64 7 87
15 48 90
16 59 36
36 52 85
4 78 90
1 54 96
42 56 33
6 69 66
9 59 70
67 34 40
63 27 9
48 21 4
14 34 7
13 22 8
34 13 98
19 72 99
49 69 30
13 52 31
19 20 23
75 24 84
16 23 73
56 8 16
5 8 11
47 23 69
51 74 74
39 50 76
73 26 69
61 37 19
20 4 2
7 22 61
45 29 73
70 61 98
80 32 45
14 46 83
49 43 46
12 22 84
79 69 24
65 30 59
37 53 99
53 70 39
79 6 12
79 18 12
61 48 82
26 3 26
60 17 61
27 30 78
71 46 26
46 46 5
26 64 32
68 36 48
55 9 51
34 58 41
68 35 37
80 43 13
38 53 55
74 59 88
50 6 50
27 68 57
56 7 46
49 67 70
21 63 35
60 72 85
51 46 14
3 52 17
19 35 17
75 36 8
29 39 45
41 61 94
57 79 34
43 77 43
51 41 60
46 63 11
45 60 40
18 67 76
74 13 91
30 55 29
14 15 20
14 22 40
38 29 34
54 35 72
58 19 60
29 23 20
69 39 34
60 34 42
16 66 66
38 54 99
42 77 4
64 24 49
60 61 8
3 58 77
71 14 1
66 20 2
60 35 39
70 64 82
78 39 1
67 9 15
76 71 78
79 9 16
68 75 98
71 39 30
13 74 72
69 14 40
38 79 24
71 29 44
8 77 63
59 18 83
26 49 84
1 21 70
61 54 49
42 63 78
29 44 92
6 44 27
45 72 1
20 56 32
65 56 97
76 35 45
71 51 71
1 37 57
20 70 38
50 71 26
2 38 71
11 6 59
50 18 70
40 2 94
4 1 11
53 37 92
18 38 98
24 68 86
59 33 98
77 58 58
13 42 66
53 30 88
25 77 18
43 10 22
70 68 56
79 32 23
43 80 73
8 42 60
75 23 64
53 5 36
21 54 65
76 68 98
28 68 57
55 34 20
37 33 93
35 66 46
11 62 84
21 42 34
74 57 51
7 40 48
75 60 76
68 7 11
17 41 21
11 1 52
37 45 18
11 4 77
31 53 21
57 30 70
46 49 41
25 28 59
13 47 48
28 65 56
36 47 44
71 52 16
42 2 55
80 63 19
55 23 22
24 47 9
76 40 41
19 34 70
66 65 41
1 52 3
76 46 35
1 63 4
63 14 35
57 67 89
20 2 9
12 48 34
54 28 75
9 15 91
11 16 94
9 45 23
40 34 48
52 39 90
57 31 61
76 51 92
73 46 72
77 47 42
24 26 86
20 49 83
80 22 58
54 8 89
38 8 69
71 23 41
24 64 90
74 3 75
42 14 88
32 64 94
32 54 91
54 26 49
18 5 56
15 45 66
46 57 20
47 39 23
33 35 42
11 27 52
44 5 40
19 35 30
70 20 7
55 63 91
67 19 60
14 62 51
68 5 69
3 68 69
67 64 98
75 55 98
73 31 14
41 64 14
24 23 45
40 72 10
51 54 93
50 54 56
52 46 82
35 13 97
69 2 34
78 2 88
24 27 65
27 62 57
24 50 84
30 9 28
53 17 53
16 54 36
75 28 34
3 9 23
47 78 92
56 16 37
34 57 76
11 71 77
13 75 92
45 6 34
33 11 72
70 51 89
28 7 8
71 48 33
22 59 98
39 39 38
18 22 75
45 20 4
17 63 10
54 37 24
58 57 85
3 22 74
1 33 74
17 23 70
25 7 57
37 48 23
50 16 53
41 7 46
52 54 8
75 33 48
28 48 3
66 33 80
26 73 19
44 80 82
50 55 93
39 28 5
57 65 15
29 50 13
42 12 75
60 50 43
79 62 14
32 72 71
32 17 98
67 63 53
74 47 45
59 31 56
4 18 77
71 10 83
34 41 89
73 46 1
25 68 78
69 64 81
9 20 91
62 53 42
24 54 85
22 17 5
45 43 17
72 28 72
8 24 31
79 76 54
43 10 72
63 19 62
55 25 69
73 42 37
20 61 89
61 24 79
68 15 53
1 46 50
58 5 31
61 51 35
3 80 62
52 53 64
48 37 99
11 76 17
27 71 18
27 14 46
55 71 45
6 59 50
17 32 52
34 5 63
55 42 20
72 33 36
3 79 1
57 60 77
12 67 65
45 76 64
80 23 2
57 43 73
38 79 48
65 31 15
21 72 31
49 11 87
74 60 99
27 39 91
64 20 44
39 48 24
57 13 29
43 52 63
68 48 26
73 31 1
58 10 36
5 33 98
28 4 44
51 21 8
31 35 33
36 70 27
19 75 87
46 67 56
37 67 71
46 76 99
20 65 24
44 63 95
12 36 27
50 44 91
52 46 93
75 14 75
37 14 26
42 54 22
25 11 88
67 9 28
26 27 25
49 67 42
21 16 50
69 41 45
15 57 86
25 46 36
78 75 27
69 5 59
58 57 6
68 74 37
3 25 37
61 39 98
18 45 40
67 36 31
38 17 80
71 34 94
9 15 79
21 6 80
22 31 58
79 12 35
26 21 64
40 7 59
61 42 89
57 38 63
69 30 97
31 9 54
7 79 62
57 68 99
8 72 8
73 7 47
15 37 83
77 72 62
75 10 97
75 6 30
43 26 91
15 31 69
43 39 34
52 8 72
31 73 74
16 77 18
21 72 29
27 68 66
29 49 89
17 60 84
54 33 96
57 53 94
78 36 4
70 16 20
39 37 35
38 10 20
76 30 38
19 78 12
14 67 29
62 78 51
36 31 72
21 31 96
11 72 85
9 26 86
56 18 74
55 30 50
23 40 6
28 76 83
20 48 21
75 60 89
46 53 46
80 79 85
65 25 76
6 53 67
54 28 98
15 28 78
22 58 30
48 45 9
10 64 29
24 10 87
42 63 63
57 24 12
4 39 6
54 63 80
74 40 61
25 31 38
27 72 25
30 79 72
74 44 49
3 75 39
54 39 66
4 35 1
79 9 58
19 78 96
34 33 69
74 37 39
2 15 16
14 79 28
29 21 63
12 44 22
23 39 82
21 73 49
30 17 74
54 59 53
49 70 42
78 28 57
18 45 3
42 66 12
78 44 54
22 62 3
35 51 31
10 7 69
33 6 63
69 32 2
58 51 36
58 26 1
35 1 60
11 28 66
33 20 2
48 46 62
24 37 80
21 33 87
30 71 67
26 33 89
30 41 68
55 77 85
17 28 66
17 17 83
47 44 77
80 38 5
53 51 70
39 51 51
63 39 27
74 7 73
42 51 65
67 51 24
32 12 50
70 66 31
22 65 43
8 52 84
64 32 43
40 56 12
12 63 60
11 48 1
18 54 65
35 6 8
32 78 52
10 3 73
34 23 51
19 45 19
62 22 9
33 13 73
76 55 33
54 6 29
1 27 99
13 63 92
11 52 42
27 80 54
32 14 17
19 57 27
38 50 8
41 65 33
77 13 22
3 53 51
38 45 49
68 5 11
18 23 61
20 17 8
36 36 66
49 58 33
29 30 73
36 36 40
66 45 14
52 80 4
12 32 50
7 44 66
26 30 2
80 21 43
66 28 45
70 15 79
26 66 35
60 40 80
1 23 87
65 74 13
24 26 41
33 11 72
38 52 84
38 33 99
79 66 2
51 55 12
5 52 55
41 80 54
46 33 84
22 71 100
35 77 99
65 7 32
46 11 74
18 73 11
78 71 39
75 68 9
33 61 66
14 80 87
4 8 32
32 12 43
45 61 22
62 8 49
61 56 34
77 14 20
50 75 6
44 56 8
51 15 84
17 10 92
65 25 48
10 74 62
66 2 95
33 1 18
49 33 44
66 11 59
57 2 9
58 13 83
36 58 35
27 56 54
76 52 21
50 76 72
46 34 95
66 61 71
26 9 70
42 4 35
43 71 51
16 45 73
70 41 9
8 15 77
80 66 8
28 39 43
43 3 60
55 40 6
32 48 39
37 60 89
31 45 93
10 67 12
18 79 28
21 53 14
56 19 29
3 78 95
33 45 22
32 44 82
14 18 95
77 44 76
1 31 97
77 5 62
70 20 70
67 11 86
25 20 31
21 75 51
59 29 59
40 75 97
32 19 87
73 24 69
63 24 67
10 55 77
13 44 29
43 11 14
5 48 49
31 58 84
42 45 65
73 58 53
36 17 19
17 4 96
19 79 4
73 47 44
55 57 44
11 42 63
51 21 48
50 23 74
43 41 36
18 23 14
18 55 20
61 18 63
15 19 39
78 29 14
4 17 63
72 59 40
68 31 60
54 35 44
25 71 38
78 68 39
14 21 87
66 57 44
42 45 17
20 38 9
45 71 8
42 15 66
12 80 4
54 51 92
9 52 94
28 5 87
23 73 53
22 17 32
41 59 31
59 73 4
45 71 10
33 56 80
69 5 21
19 29 87
50 6 52
26 13 83
36 9 46
49 28 52
14 73 44
4 76 60
78 6 60
64 54 8
30 52 73
52 1 20
65 56 15
33 78 96
61 69 64
64 51 81
56 22 40
52 19 68
8 7 24
14 62 34
29 38 24
38 41 49
79 59 34
77 14 25
11 49 35
5 74 98
21 20 91
58 19 11
29 38 83
1 59 3
11 18 52
44 16 64
72 33 72
65 5 32
63 50 41
20 55 100
64 38 100
9 33 2
33 32 65
27 32 73
68 14 29
26 24 98
28 45 73
32 56 38
4 15 25
52 65 63
40 40 64
22 4 70
33 26 49
28 45 47
69 18 19
31 60 70
54 48 92
38 19 58
2 70 11
25 80 86
49 72 95
45 78 64
51 28 86
60 48 82
61 23 44
27 5 85
34 12 88
43 70 93
31 71 30
42 40 84
9 69 90
80 76 64
16 32 35
72 44 7
47 71 52
65 71 77
4 43 69
13 62 29
29 75 26
45 27 42
74 75 16
17 59 64
49 33 80
40 33 16
33 59 46
45 52 37
18 46 11
57 33 35
79 52 75
73 24 50
24 75 50
46 28 86
46 47 100
14 56 3
49 66 32
29 74 77
41 72 64
34 79 81
28 71 34
74 45 79
4 32 29
2 5 41
62 19 86
56 25 5
51 30 37
44 29 99
54 62 88
25 30 33
32 27 66
57 12 47
71 65 47
77 50 4
23 60 69
63 68 96
41 54 23
20 17 52
19 3 85
74 40 63
44 27 55
36 51 19
23 65 18
25 28 97
74 34 100
74 77 97
80 57 61
29 42 87
11 30 96
49 63 90
77 23 15
67 49 21
71 54 65
50 50 75
31 31 80
80 26 83
18 77 58
23 55 87
41 13 29
47 3 98
27 12 56
14 37 33
67 26 73
53 54 61
63 60 45
31 31 9
49 60 19
41 8 58
62 61 98
36 45 45
1 44 75
53 75 89
32 46 65
48 16 64
54 12 30
38 49 3
28 39 36
79 15 45
15 78 6
13 46 82
68 4 94
36 15 36
35 72 18
51 31 68
76 45 74
8 68 18
52 63 12
66 62 39
12 6 40
27 77 34
74 55 48
13 45 61
36 9 31
19 20 76
18 64 3
55 34 72
56 7 75
62 16 57
29 80 76
27 36 10
58 72 29
36 59 32
43 46 59
21 7 54
47 57 43
23 33 86
42 10 91
46 71 32
52 39 99
45 9 94
33 48 99
43 59 31
68 55 59
17 20 65
4 78 50
18 37 57
69 71 20
67 32 58
26 47 88
76 25 49
5 76 10
25 40 62
22 12 6
59 70 23
16 58 39
67 36 74
56 35 30
54 44 79
15 20 88
33 18 3
70 1 84
71 55 99
11 60 65
33 47 16
31 50 59
70 2 47
37 76 38
7 61 54
8 74 18
52 31 99
80 12 93
47 16 66
27 43 67
31 14 60
52 32 63
24 70 44
74 46 3
36 59 17
15 28 33
57 70 8
57 72 82
42 8 69
30 51 32
35 14 59
27 2 40
53 8 48
68 11 35
12 79 66
43 59 70
43 57 4
59 61 64
71 4 93
29 70 31
23 32 24
74 2 7
48 23 8
25 37 13
61 18 2
76 72 48
39 39 95
52 80 58
41 59 29
31 78 41
37 4 93
77 30 1
25 55 60
14 10 85
10 10 4
71 21 81
44 46 82
31 71 8
20 62 73
68 7 73
53 69 14
71 2 43
47 29 73
46 29 4
74 6 65
38 39 86
70 16 76
33 71 54
46 78 100
39 14 92
37 9 5
38 69 45
66 55 24
53 76 10
54 6 83
74 52 81
11 8 64
73 20 35
31 3 82
34 12 44
76 68 64
29 67 54
43 29 35
21 57 59
8 37 80
52 6 44
5 17 43
8 33 30
60 20 80
60 54 43
78 17 64
35 55 34
66 55 60
73 24 85
11 11 93
42 63 20
52 41 44
72 69 61
79 65 65
50 66 82
14 21 30
60 70 2
67 57 6
21 58 81
3 46 5
60 22 10
63 3 70
9 2 5
57 69 2
9 27 34
26 37 13
26 60 82
10 11 51
45 50 55
24 11 51
12 66 1
26 76 29
13 74 21
14 38 51
31 68 64
31 42 67
24 22 58
60 76 81
65 59 60
34 25 93
46 6 23
64 39 64
41 63 20
29 7 82
59 27 13
28 21 91
64 61 85
44 27 53
17 79 63
25 2 30
69 7 90
62 59 14
11 44 34
23 43 81
13 8 1
67 26 12
70 79 88
62 72 18
50 6 37
5 10 33
3 47 1
11 15 20
70 58 63
9 39 8
20 77 73
47 2 20
64 23 3
73 28 75
60 80 26
74 61 43
35 45 2
22 29 29
11 64 41
57 47 95
78 51 98
43 44 73
76 3 98
59 42 38
4 44 47
75 19 91
69 50 3
42 48 4
69 45 44
78 55 1
71 17 64
24 10 85
17 22 99
7 61 35
51 12 68
41 58 38
23 30 9
46 11 66
39 29 48
23 59 64
65 24 10
37 58 41
73 24 92
53 6 91
8 61 80
61 77 72
69 58 97
69 44 57
40 27 57
71 78 15
66 68 7
55 24 42
28 37 71
6 58 15
72 36 35
52 37 19
39 14 74
59 75 46
29 8 99
39 22 80
51 72 11
18 62 73
58 40 91
49 13 51
12 52 49
24 62 94
75 43 63
36 77 36
42 10 50
73 74 7
76 3 13
48 54 76
63 29 72
71 19 98
57 40 46
14 18 87
21 36 16
48 9 7
46 34 58
37 5 72
69 63 40
53 35 13
57 71 89
71 50 4
9 46 16
16 23 70
46 52 35
10 61 29
78 47 51
4 51 26
23 56 98
56 33 90
11 9 4
7 22 94
66 17 97
35 37 61
57 62 36
8 38 87
12 6 94
70 23 45
17 38 94
29 1 26
11 76 22
33 28 19
79 68 84
75 28 69
66 67 9
19 11 92
16 67 66
73 26 56
19 61 65
27 13 40
24 34 1
34 11 51
51 54 11
29 46 77
51 35 60
35 34 55
31 6 51
8 74 19
11 34 67
30 33 38
1 26 49
27 42 6
17 80 50
19 18 5
33 78 75
54 44 73
19 44 65
2 76 100
71 41 83
53 39 44
56 73 84
18 52 35
23 39 40
5 1 3
65 80 2
69 67 96
23 19 95
44 47 91
45 48 94
59 20 30
43 65 81
28 51 11
74 62 82
19 61 21
16 40 54
33 76 96
67 33 64
26 70 57
71 45 12
70 12 77
41 61 53
29 58 29
27 6 68
20 51 20
66 44 74
2 12 51
70 44 55
71 71 79
16 21 66
14 56 31
43 33 90
11 3 91
59 70 25
11 7 50
37 2 50
53 15 26
22 74 13
8 2 18
50 67 17
29 12 94
57 47 85
63 62 76
36 34 22
11 18 68
78 68 56
9 24 52
30 34 50
72 5 50
68 80 56
14 79 30
1 3 8
47 71 58
74 56 99
67 73 87
67 68 9
36 51 61
27 65 97
53 5 74
23 20 41
8 53 73
71 69 87
56 56 48
52 67 83
73 12 98
16 72 66
58 21 25
32 74 1
10 61 78
22 67 31
19 66 18
68 44 80
62 40 32
24 25 89
35 38 79
17 17 75
15 41 11
45 67 68
1 18 15
14 78 28
5 5 90
38 42 45
14 78 86
31 19 34
50 2 50
58 61 93
79 77 86
5 76 76
1 5 13
16 9 80
43 40 20
56 9 95
26 42 72
77 51 6
47 58 34
53 27 4
66 39 16
70 48 45
75 78 6
65 22 86
56 20 57
2 25 100
57 24 33
67 35 67
38 53 48
37 20 56
56 19 83
25 12 71
26 2 51
73 54 52
65 23 53
37 24 91
26 64 31
59 40 73
32 55 78
76 42 53
34 59 76
42 71 48
10 47 41
27 76 27
38 19 47
51 25 47
14 52 15
70 63 26
46 4 20
32 23 33
17 48 74
37 66 12
43 64 6
73 15 36
7 34 84
12 36 85
20 43 49
48 38 82
73 21 39
60 41 66
2 80 62
23 78 54
36 24 40
10 32 31
10 42 54
30 17 15
16 9 93
61 68 21
30 33 86
35 67 91
77 60 82
29 19 83
42 54 21
44 80 64
72 76 47
59 24 51
6 13 50
79 59 18
65 52 72
47 64 8
49 65 53
74 51 88
1 50 81
73 4 84
29 9 3
2 56 36
68 75 14
28 16 93
8 36 10
14 29 69
26 42 33
10 20 75
38 22 68
34 21 33
57 45 19
54 40 14
32 79 52
58 71 93
26 80 26
7 67 77
23 14 86
33 62 64
78 27 96
37 52 17
52 27 3
22 3 5
27 5 5
28 45 88
60 57 84
18 10 19
71 33 40
63 71 46
32 56 40
1 51 16
4 66 74
33 18 14
34 32 17
54 27 40
3 66 68
56 22 1
32 56 87
73 56 31
10 33 57
11 61 54
27 13 78
32 48 54
15 28 94
11 21 46
55 29 12
58 73 18
26 27 30
9 54 78
43 71 78
76 71 53
31 39 70
36 50 80
19 63 87
6 62 54
76 44 82
69 51 68
65 19 66
5 48 82
9 29 18
40 2 72
73 33 75
65 14 47
29 33 5
2 28 20
56 71 34
18 48 57
27 2 99
6 67 29
60 44 36
19 46 35
35 59 16
65 37 55
14 59 34
27 44 23
77 54 43
74 43 68
3 78 74
46 5 56
50 69 27
18 75 63
53 33 46
51 20 43
44 35 17
65 72 54
11 21 61
68 21 82
6 68 74
64 55 18
5 49 23
10 67 1
21 56 59
17 9 4
67 28 98
16 9 41
16 13 61
9 15 30
50 11 28
3 68 99
14 11 95
27 61 22
29 58 87
26 74 31
38 36 12
68 45 8
60 54 94
30 74 53
14 78 56
69 42 56
35 31 70
67 74 46
79 33 99
15 25 12
48 6 52
36 51 29
53 68 91
27 6 29
22 76 88
4 21 89
72 56 50
44 60 67
57 47 38
41 17 17
28 44 63
37 33 96
53 69 20
7 63 55
47 48 95
49 45 18
39 74 96
80 69 98
39 45 14
27 15 41
21 80 56
80 29 97
62 56 43
37 21 30
74 71 12
6 48 70
59 79 47
63 3 31
44 76 58
74 21 33
80 48 69
42 23 36
24 80 56
38 66 91
6 61 62
33 54 7
36 64 14
44 29 58
11 77 1
4 1 74
79 51 93
40 59 12
40 71 33
8 2 53
44 32 85
61 49 23
40 57 6
7 3 62
20 61 16
48 38 48
77 45 89
13 29 60
19 39 56
29 64 12
25 33 63
22 46 75
70 12 79
48 60 5
58 59 74
55 78 80
35 31 62
30 49 90
51 46 34
72 24 63
73 45 34
67 57 39
10 44 36
51 24 80
37 4 24
77 35 83
42 49 1
62 30 36
26 78 27
6 29 78
27 35 66
70 65 75
47 54 100
24 38 24
40 26 57
42 31 46
49 34 69
30 19 79
33 4 88
23 9 13
75 26 96
56 71 68
51 8 67
19 65 26
44 74 82
1 10 25
6 11 50
4 73 37
16 7 28
62 2 93
6 15 19
67 68 74
36 11 46
15 44 28
40 2 86
26 35 48
58 10 27
2 66 90
27 10 8
78 59 83
18 29 95
46 23 42
58 64 98
53 55 49
71 48 45
22 40 57
44 65 21
7 73 47
18 78 5
65 52 74
48 29 4
34 64 16
55 68 81
65 79 4
50 35 25
20 24 63
61 55 18
8 60 93
13 54 83
17 65 74
64 13 78
20 41 47
61 34 50
49 58 70
61 43 17
32 76 68
66 4 54
53 75 11
7 25 35
61 62 75
35 14 69
66 77 57
29 76 60
40 21 19
15 29 69
59 65 62
77 77 36
57 3 3
80 79 31
21 9 9
1 6 43
42 62 24
17 61 88
8 63 9
24 33 43
31 63 5
11 51 65
75 45 44
1 35 43
72 5 3
3 21 97
69 36 6
36 46 9
47 61 85
49 27 14
73 24 55
54 33 3
23 50 1
29 38 11
9 44 36
12 48 12
40 40 91
58 15 94
73 24 40
12 13 32
45 51 17
73 46 32
1 22 9
54 76 11
52 79 79
35 14 73
50 23 6
55 42 33
44 70 28
78 69 80
46 44 17
11 10 59
71 52 66
17 37 94
9 9 81
52 45 5
60 23 42
39 62 48
56 79 22
43 60 71
46 8 60
33 2 28
66 48 39
19 5 15
42 1 82
77 76 69
46 74 94
7 8 34
17 20 77
17 33 53
29 60 20
26 14 78
13 48 37
66 67 53
13 17 12
16 26 20
54 13 80
55 28 17
80 62 15
22 20 88
27 49 79
52 54 30
52 32 2
7 4 97
42 54 10
33 38 19
6 15 44
28 11 8
43 56 82
76 32 56
28 23 89
4 33 46
77 31 16
44 22 4
44 66 70
56 21 53
34 31 80
54 27 28
19 11 71
68 59 49
25 11 97
77 70 44
17 78 6
73 61 55
73 69 84
52 28 78
31 46 17
16 30 85
75 59 31
49 47 74
52 3 78
71 43 32
18 16 83
3 52 3
30 19 41
47 64 56
26 60 51
29 68 54
71 49 5
41 27 20
10 12 77
18 28 94
61 30 50
60 22 4
77 80 37
47 67 59
59 70 13
53 59 25
15 71 23
16 21 33
37 79 88
48 15 68
41 50 44
76 35 92
32 49 55
15 13 99
50 22 24
48 50 72
80 25 69
25 28 76
26 1 20
10 1 9
67 17 96
78 65 38
15 77 18
40 5 99
29 80 22
61 67 94
68 63 57
76 13 3
35 57 83
13 68 78
75 66 44
21 19 97
61 28 100
45 58 33
36 42 34
62 6 83
61 37 92
46 63 14
69 55 83
68 67 52
14 51 10
64 46 70
44 49 48
9 25 38
54 56 9
77 68 60
36 39 24
56 24 98
14 78 12
39 14 19
54 79 35
7 50 72
68 6 22
26 22 79
40 22 72
26 69 32
35 35 68
49 37 71
64 5 76
76 77 59
11 50 85
34 21 58
68 66 94
30 6 7
35 62 41
10 43 54
53 25 4
48 62 84
22 20 27
34 1 4
15 61 66
67 49 13
80 59 92
23 68 85
78 57 65
18 52 58
32 21 39
68 39 19
48 70 25
68 57 50
66 39 34
20 66 15
54 33 1
28 8 11
73 77 20
41 69 65
62 34 73
69 22 45
34 65 78
47 78 91
46 58 24
52 62 39
59 42 63
54 16 67
57 4 5
29 37 6
20 17 53
49 58 31
57 41 15
80 48 35
45 79 22
35 30 78
16 68 33
30 78 53
33 23 69
54 36 89
39 72 78
12 55 66
75 60 96
69 77 73
16 37 39
45 78 48
46 77 27
69 72 72
27 60 6
34 43 18
62 54 86
60 75 53
49 7 19
69 26 2
71 75 92
69 78 77
14 36 89
37 34 90
16 10 58
33 45 22
75 75 47
60 9 84
38 33 10
23 42 56
3 74 82
37 33 14
13 62 34
11 56 2
64 60 84
19 39 70
79 15 2
74 26 9
3 79 47
7 74 90
74 60 6
52 44 57
55 32 62
11 12 64
73 9 46
73 43 4
10 57 20
26 42 95
49 17 83
26 75 92
51 4 7
64 37 90
73 40 18
4 50 36
57 44 47
17 7 88
16 75 44
35 30 80
60 73 30
25 33 68
71 43 98
42 32 75
3 80 3
22 2 78
8 19 40
9 1 25
39 77 22
39 20 45
4 32 34
32 7 82
26 75 48
2 3 14
5 58 89
48 7 54
43 21 100
55 28 3
10 11 37
79 74 28
45 66 55
3 40 80
47 47 43
19 67 67
78 15 96
25 1 81
45 27 21
15 21 32
64 15 100
44 25 16
48 55 19
20 56 28
32 36 71
75 39 66
66 14 21
55 48 88
5 66 20
43 26 86
74 42 83
38 13 42
58 73 73
11 23 70
17 53 74
6 58 27
26 67 64
80 13 49
69 26 75
3 46 84
23 44 93
22 33 14
75 19 90
67 26 90
58 10 46
71 7 93
13 49 91
39 3 67
67 48 28
60 30 92
9 77 54
6 40 4
27 65 13
17 12 91
33 73 12
21 62 17
16 9 14
35 45 13
33 17 21
7 3 52
76 17 60
66 17 83
30 29 54
16 22 57
27 61 92
7 10 96
19 17 11
18 15 24
70 71 19
38 72 67
65 61 80
42 65 79
17 53 57
40 18 37
46 36 24
40 18 31
64 50 56
36 47 24
52 28 6
1 24 66
29 60 42
25 6 56
49 24 30
25 44 38
32 13 28
43 56 24
18 4 94
26 49 65
79 32 48
3 58 44
21 32 72
70 40 35
28 47 48
76 31 94
23 3 86
7 77 8
58 56 6
76 23 38
3 49 87
72 72 23
10 27 6
30 77 70
30 26 8
36 70 15
13 18 39
6 28 2
51 7 19
7 60 90
36 7 32
8 2 15
3 30 20
56 31 16
62 63 17
22 65 75
39 75 90
32 36 24
34 67 16
42 2 56
29 21 88
50 38 78
56 19 73
75 50 41
74 41 68
54 67 3
51 32 93
34 45 4
21 5 38
20 62 31
16 70 44
40 78 5
68 78 17
33 73 94
55 7 4
41 53 10
68 60 40
45 9 24
9 39 11
8 6 67
49 50 6
80 29 74
24 13 89
32 38 39
47 63 67
40 48 17
75 48 32
65 35 73
79 16 87
68 23 37
67 51 58
66 33 93
70 76 91
77 11 92
11 9 89
6 28 46
50 9 22
76 47 64
22 43 41
21 69 33
31 46 97
61 53 43
32 60 76
2 41 30
61 56 85
79 61 46
18 76 44
25 8 21
54 39 55
14 41 48
77 19 91
76 79 11
80 75 2
1 13 68
79 14 3
44 31 85
76 49 29
16 30 78
31 52 17
49 18 13
48 51 89
21 35 62
5 53 27
3 48 79
76 32 44
44 5 64
73 53 13
43 29 41
67 23 74
57 52 85
2 73 61
74 33 94
20 70 41
68 53 9
53 31 53
57 20 97
11 46 69
20 24 100
74 54 3
37 68 27
64 26 17
32 21 50
27 79 93
79 56 49
57 46 87
47 31 75
65 52 5
53 64 67
30 50 93
53 41 59
65 71 72
59 51 77
16 6 88
7 18 14
69 1 19
1 64 84
53 4 87
80 20 33
6 8 22
49 33 74
48 56 75
9 67 47
23 6 29
3 25 62
26 44 64
41 13 43
48 36 93
27 79 94
24 51 20
3 68 63
74 67 53
47 42 74
71 30 21
29 55 29
9 42 83
57 72 15
49 50 91
70 77 68
7 56 33
63 60 29
7 45 95
78 41 27
55 9 40
54 62 41
2 38 68
16 40 56
36 54 86
9 9 97
60 2 49
28 60 30
57 31 39
44 55 50
52 41 74
71 56 9
80 58 10
75 10 97
14 49 5
27 51 80
65 7 81
3 7 84
59 74 39
38 4 95
9 77 9
80 46 12
13 8 39
53 49 55
60 3 46
67 49 63
80 43 28
68 53 4
71 72 78
28 19 4
33 62 71
73 54 11
29 24 54
61 45 40
73 13 7
43 80 91
52 51 100
21 67 6
68 39 50
16 4 84
21 24 10
70 46 81
57 46 34
59 63 14
54 61 94
73 28 85
53 41 10
68 34 98
21 65 60
55 27 70
2 25 28
68 63 2
49 68 87
54 3 43
78 45 11
63 14 91
18 40 97
22 30 17
5 60 61
24 62 41
27 26 50
31 75 35
40 5 96
66 33 69
38 44 85
79 42 48
6 49 22
1 80 62
37 23 5
62 13 48
37 31 88
19 38 27
26 33 18
58 34 48
78 52 99
41 7 85
79 60 58
17 23 93
15 47 46
30 56 72
24 59 50
21 63 60
41 27 40
6 67 92
58 28 71
78 64 78
7 10 60
79 1 53
57 29 6
80 30 94
9 21 62
43 5 31
9 13 99
2 79 14
25 55 3
17 52 39
51 36 72
7 47 1
26 52 35
60 53 99
24 15 95
49 67 69
4 9 3
48 67 23
2 18 10
30 54 95
30 77 2
34 73 2
44 60 29
47 25 30
17 9 26
37 16 43
31 74 55
33 59 31
65 13 17
54 57 67
79 54 2
79 35 7
1 74 34
41 20 90
61 23 70
12 58 98
67 20 19
18 46 87
42 73 33
46 44 8
44 39 81
48 59 42
40 73 73
60 61 17
70 1 47
7 58 84
5 25 96
18 19 59
41 69 84
42 6 80
24 5 48
59 50 3
75 74 51
37 39 68
12 12 6
34 61 10
67 1 27
21 28 13
67 47 1
43 73 41
62 74 59
65 27 79
47 1 63
11 16 72
69 26 20
60 28 17
25 21 90
41 11 58
5 2 19
61 39 85
48 73 43
15 60 63
38 35 89
14 24 41
55 44 61
37 6 60
25 50 38
66 24 48
61 2 54
6 33 15
43 80 35
6 7 96
20 80 47
62 71 16
42 16 56
50 64 88
42 34 88
79 44 58
52 47 9
31 50 93
72 49 60
8 73 78
15 12 30
27 26 44
53 40 4
47 26 28
17 21 30
24 43 23
70 68 49
33 27 12
23 36 57
11 4 70
22 27 29
21 13 76
11 44 21
73 66 57
13 40 95
11 32 46
75 63 6
38 57 12
78 63 82
34 47 31
46 54 53
18 79 49
8 25 17
2 73 24
60 28 34
77 59 89
10 4 64
70 67 66
28 78 22
14 27 97
36 49 34
72 71 32
43 39 49
79 38 62
10 52 22
8 11 46
10 56 65
22 43 81
45 71 52
48 10 96
44 79 84
38 22 91
75 10 72
50 6 99
46 76 25
21 76 81
3 35 29
46 43 90
7 39 80
69 11 23
67 64 46
9 61 13
68 12 53
50 55 50
55 53 25
75 6 33
78 12 12
44 72 76
42 6 72
18 1 93
18 9 88
80 59 19
8 13 99
42 80 41
43 13 85
29 22 12
30 51 75
33 45 96
33 14 87
60 14 31
78 52 92
68 61 42
72 64 5
3 14 33
29 47 6
37 9 77
26 75 95
65 52 35
17 6 66
8 59 83
74 72 93
33 68 51
62 70 11
64 8 36
54 29 6
55 42 65
5 16 48
62 51 50
55 36 75
59 33 15
3 1 61
72 27 83
33 25 73
58 55 92
25 50 20
13 62 62
78 65 68
64 45 50
9 61 85
55 28 21
73 38 72
9 66 82
38 8 91
51 4 49
64 66 38
70 80 96
24 66 9
35 80 92
70 43 42
72 62 98
26 35 34
4 62 34
13 5 83
10 53 100
7 44 29
2 80 1
26 60 19
47 22 15
8 64 100
57 1 4
14 20 35
62 77 92
34 55 56
22 61 71
28 52 79
58 46 26
58 57 16
54 43 79
2 27 96
70 5 86
12 47 15
25 12 73
36 16 44
50 18 96
13 56 79
36 13 61
3 29 23
44 23 3
75 28 62
76 22 82
6 53 24
21 62 75
16 6 49
71 65 21
66 5 25
49 56 98
5 78 83
59 38 81
80 46 10
77 40 75
33 30 8
48 64 91
71 42 49
45 26 58
23 22 54
55 21 8
8 42 61
29 26 56
60 50 52
48 25 91
17 42 99
31 44 94
73 42 99
5 13 3
20 15 96
7 76 85
14 12 44
17 50 22
35 69 96
68 41 39
28 28 68
47 2 68
76 2 78
51 1 83
28 17 33
54 62 14
27 74 98
71 23 23
36 14 44
20 7 80
47 35 31
27 25 47
28 6 30
68 74 91
3 26 16
42 67 63
80 48 27
31 47 97
10 42 24
39 77 100
23 74 93
75 15 59
77 31 82
73 19 53
21 11 38
41 69 38
65 40 29
21 55 94
9 9 70
9 15 72
77 55 63
76 48 81
74 32 43
56 13 90
65 44 39
13 24 33
44 37 36
66 8 31
78 62 47
42 36 53
53 51 32
28 66 22
79 76 22
59 11 97
5 48 24
78 62 43
53 35 46
46 12 80
5 34 97
78 78 45
23 33 74
10 40 42
53 55 43
22 36 68
55 51 64
57 3 78
40 80 17
56 3 38
23 9 46
9 46 79
77 39 81
5 19 79
11 14 77
48 7 41
64 33 96
74 48 43
33 69 68
16 22 20
38 19 66
29 56 10
11 72 100
41 37 23
45 76 57
39 22 36
67 46 90
39 35 62
12 15 34
5 8 96
7 3 80
67 45 16
41 23 11
3 2 28
45 59 65
35 40 89
75 49 28
63 59 48
30 1 17
4 48 1
18 7 67
73 20 73
64 17 64
42 47 71
18 58 79
50 21 51
64 45 59
58 38 17
52 43 5
31 74 57
22 22 61
48 21 66
66 40 30
2 19 4
17 24 26
44 4 12
7 16 60
5 26 16
20 43 60
43 58 73
28 12 35
46 59 3
7 43 37
22 73 40
8 9 81
24 40 59
43 68 78
75 62 46
50 27 2
74 36 70
80 19 48
20 47 89
21 45 54
69 34 35
16 73 53
26 59 76
53 57 97
45 51 60
38 23 18
74 46 51
79 73 41
47 16 35
41 15 4
75 5 79
39 61 18
27 18 56
57 67 14
35 28 43
31 66 57
29 12 14
2 13 15
9 34 70
24 49 93
61 5 65
23 76 42
35 20 100
37 12 54
41 32 54
18 79 62
44 13 13
14 25 38
72 67 15
24 30 22
48 77 26
41 44 36
58 32 20
10 37 17
44 63 82
60 13 76
34 35 97
68 70 96
50 15 26
50 52 25
26 47 78
56 35 46
66 19 22
52 59 16
3 7 11
68 5 41
60 3 3
51 47 66
20 42 48
59 53 66
71 51 99
6 17 89
16 79 85
48 51 42
59 20 69
71 5 96
32 65 27
57 69 7
71 48 88
61 7 61
53 59 7
27 3 71
74 32 89
12 68 63
2 39 17
34 30 100
38 13 25
64 58 75
16 16 77
74 46 2
20 14 35
39 1 62
62 30 30
53 52 41
34 9 66
47 6 43
55 77 5
34 31 55
20 65 48
24 49 99
31 77 92
38 46 96
37 52 57
1 46 94
71 52 28
68 20 49
62 24 70
5 16 33
46 13 78
58 5 95
53 27 69
74 65 59
57 62 81
33 2 34
43 41 71
14 76 40
63 51 3
39 30 57
44 51 45
13 18 64
53 68 58
78 37 41
45 23 16
49 38 100
19 43 22
14 14 45
34 2 87
59 80 51
16 25 33
39 3 70
67 55 40
73 17 3
10 36 82
61 72 50
46 71 82
77 17 22
42 48 98
51 49 36
47 64 43
27 63 81
5 8 76
24 79 77
27 52 60
23 60 76
3 18 45
70 9 1
25 20 48
76 24 63
10 7 86
40 63 79
76 21 90
42 16 7
34 77 27
25 28 84
10 10 96
64 49 2
37 38 9
25 61 18
67 52 84
32 7 22
43 60 51
80 67 94
34 20 45
79 41 29
66 21 37
53 34 77
57 21 17
9 70 79
64 70 25
39 73 64
80 34 100
69 23 11
79 38 12
27 52 84
16 8 34
10 9 14
61 24 33
19 26 77
39 11 95
26 70 62
73 53 30
79 36 43
42 16 59
80 42 24
64 8 48
48 1 17
70 50 41
52 64 3
17 80 40
74 45 86
78 62 5
67 76 33
38 54 20
61 51 33
59 76 13
53 61 67
36 11 63
13 9 36
9 33 33
2 63 12
2 8 37
5 73 97
49 79 1
30 39 57
54 46 43
9 48 93
19 49 58
31 18 11
40 15 72
74 26 60
4 73 31
9 58 85
62 8 20
3 71 7
51 75 14
30 2 1
73 19 74
69 57 17
71 40 37
29 17 51
51 78 68
20 34 18
40 10 82
56 7 100
51 30 73
63 13 89
47 24 48
70 25 59
46 80 31
60 33 27
68 32 45
36 69 54
62 44 92
50 25 80
61 23 18
32 22 52
58 28 37
16 31 60
17 20 96
62 38 89
3 58 19
33 75 35
26 57 31
23 4 55
70 12 3
15 66 52
25 53 49
21 45 8
48 3 33
73 25 68
2 53 80
32 56 88
19 4 17
45 61 14
40 68 28
51 41 64
72 66 76
42 47 78
53 13 63
46 49 79
51 43 75
37 30 8
37 73 52
41 14 64
1 44 47
72 50 95
39 19 89
69 21 73
34 26 91
28 37 36
50 58 21
47 54 48
22 78 44
54 9 50
5 60 88
49 17 92
53 80 85
49 34 24
15 39 68
59 38 22
3 2 69
80 40 71
19 31 35
24 13 99
66 40 43
26 41 58
76 23 67
61 22 57
25 57 10
38 41 90
76 27 6
22 58 9
9 15 15
5 77 24
69 5 29
28 66 20
50 67 5
70 30 95
18 11 95
49 35 85
76 26 36
13 12 62
4 61 92
12 57 9
65 65 50
24 62 36
58 66 57
10 43 12
40 1 31
59 33 92
30 72 11
59 24 56
17 79 16
16 57 58
2 43 49
42 77 31
32 54 67
7 14 38
66 60 22
68 32 7
61 33 65
54 14 65
51 38 67
75 3 60
8 57 27
34 17 82
46 14 96
33 71 72
73 70 78
10 25 83
17 40 74
67 42 38
19 46 19
4 27 9
51 42 50
48 24 2
9 8 87
72 10 63
42 30 97
77 69 63
43 42 81
52 17 74
13 31 51
75 23 37
19 41 90
40 33 76
17 45 72
71 28 24
27 56 1
41 56 64
12 63 42
68 57 7
64 5 100
36 17 88
17 70 29
79 77 10
51 40 87
27 34 61
67 33 62
71 13 92
72 62 36
45 27 56
20 55 28
1 32 20
73 27 67
45 77 94
46 79 89
30 51 68
51 11 1
70 59 96
45 3 92
19 14 100
3 11 32
40 50 5
71 6 82
40 74 13
73 56 87
44 18 40
31 54 90
66 34 54
67 31 84
38 53 17
15 9 69
52 9 19
47 80 3
20 33 77
9 5 22
66 36 74
63 78 20
21 19 87
68 19 47
74 25 52
74 51 58
69 20 81
62 13 60
49 47 11
32 29 66
44 34 33
35 46 35
37 23 89
22 27 47
70 9 87
3 41 78
53 7 49
35 16 7
31 8 32
29 24 11
34 7 12
58 43 21
40 33 16
1 14 82
69 62 38
64 34 46
44 5 54
23 33 96
33 13 66
47 30 32
62 67 85
76 73 22
25 15 17
3 14 58
64 48 10
25 31 96
56 64 57
13 20 86
28 80 62
14 34 41
33 29 69
8 64 92
30 39 9
35 25 92
42 31 69
47 14 34
2 57 87
60 60 65
45 31 83
15 26 31
31 48 57
51 34 99
50 49 60
65 23 52
43 53 7
47 44 64
77 75 80
80 67 39
35 77 50
33 34 52
77 42 62
70 55 16
23 57 64
52 34 100
55 30 91
66 34 65
64 54 25
44 80 59
75 4 25
49 25 39
45 45 18
46 67 7
56 73 90
8 48 23
2 31 95
45 23 17
39 50 52
75 36 68
23 1 93
66 45 89
41 60 36
38 43 56
31 39 95
44 57 86
71 71 5
37 60 77
25 69 60
34 28 5
56 32 98
14 16 29
36 75 62
71 76 73
22 30 42
18 56 68
32 32 31
72 57 69
1 22 94
43 47 23
35 67 27
2 78 55
12 67 64
64 73 20
19 51 33
34 24 60
31 1 75
10 5 39
73 26 92
35 67 49
40 34 2
55 23 3
59 46 45
78 55 70
10 72 24
74 48 50
35 2 92
67 49 30
18 18 7
72 46 60
4 69 84
13 16 44
76 16 82
51 60 64
19 63 23
12 76 91
39 33 69
63 66 56
34 67 19
2 1 51
2 72 94
17 20 44
48 80 69
18 48 11
26 40 96
11 64 10
72 57 20
17 63 72
41 26 78
15 46 13
60 71 44
47 42 85
46 40 73
62 56 67
28 72 27
21 14 28
73 46 18
44 13 2
8 77 71
7 10 27
75 24 63
65 13 78
66 26 8
10 5 65
24 10 9
73 10 16
18 44 83
5 76 63
78 63 77
50 32 12
60 34 43
78 25 22
61 75 69
28 54 67
29 18 28
25 23 12
28 20 85
29 3 84
13 39 54
25 3 66
3 18 75
59 52 5
71 77 34
19 5 71
73 47 53
21 72 74
38 71 63
10 76 33
68 2 35
12 37 52
21 46 9
21 50 62
2 6 20
25 7 70
39 52 32
75 42 17
44 27 68
71 18 37
23 50 59
4 15 27
19 61 11
41 14 2
40 43 76
30 77 2
16 60 5
18 15 60
13 75 49
21 9 8
2 65 40
1 40 64
60 55 13
23 13 24
40 9 29
62 7 84
45 8 71
61 32 59
20 78 34
13 26 2
27 72 92
10 25 54
11 12 99
13 57 19
47 11 81
23 63 100
18 17 69
23 50 37
48 10 97
6 2 27
30 32 29
79 16 24
61 52 11
55 41 37
16 41 72
26 34 88
1 4 48
21 66 29
67 29 41
68 19 9
59 70 28
24 12 83
58 37 72
41 40 14
51 73 9
67 46 51
68 67 82
77 16 56
35 1 15
61 49 19
15 73 13
38 39 28
12 21 27
5 47 32
3 59 42
23 10 95
66 64 27
3 74 66
57 31 70
71 23 76
7 45 50
4 44 26
35 32 66
73 75 94
47 55 53
41 43 15
80 65 94
4 9 92
78 65 94
32 4 89
38 72 18
66 52 27
56 61 72
63 76 39
48 60 83
5 62 44
77 58 85
63 5 77
29 68 10
25 13 84
30 33 68
22 6 18
6 47 65
54 56 94
68 73 22
28 40 79
43 21 93
41 79 52
57 76 1
71 73 17
23 58 36
28 10 5
76 33 71
47 24 15
68 16 56
80 71 30
58 14 9
4 77 97
29 44 85
6 37 56
7 65 72
34 11 44
32 76 84
17 12 16
50 63 48
33 45 40
52 25 100
77 52 88
12 45 10
24 30 61
5 28 99
69 23 17
33 52 81
54 12 24
28 25 22
20 17 48
26 35 72
77 59 59
14 30 47
3 48 100
64 60 45
52 30 41
33 22 91
20 7 14
44 27 75
18 55 57
73 55 18
23 72 6
59 19 76
18 4 30
74 56 20
58 76 1
38 36 66
25 53 55
42 61 33
52 22 72
69 79 30
80 18 8
39 40 93
60 29 66
18 37 10
61 52 7
57 51 18
74 73 15
43 45 22
53 59 25
42 14 80
50 72 56
46 65 19
14 67 1
65 20 8
56 57 69
51 51 21
65 10 52
78 37 50
62 8 4
77 44 33
2 27 71
9 5 79
19 75 55
67 10 74
76 73 27
12 59 38
15 1 78
13 29 1
10 77 18
10 71 5
28 41 68
57 55 55
44 46 11
72 7 44
51 15 71
22 58 17
15 64 40
78 7 70
31 20 51
10 69 73
60 75 3
58 38 64
27 69 89
50 14 34
51 76 99
73 67 40
7 16 42
44 40 20
70 21 77
7 7 14
11 7 58
59 26 89
72 30 79
61 50 24
22 34 81
78 79 56
36 46 53
29 20 11
58 41 45
10 21 91
28 62 13
13 67 6
49 14 58
29 25 67
26 13 28
15 11 36
53 4 6
23 29 70
39 33 68
41 50 48
8 80 48
78 26 33
11 59 92
29 72 84
33 65 88
55 47 50
4 23 43
16 36 50
59 12 22
6 36 86
17 50 48
66 14 37
47 20 59
33 60 4
55 50 63
44 74 21
67 44 6
31 72 21
31 68 17
8 66 58
32 66 29
31 7 33
57 20 26
54 21 90
29 7 66
17 38 54
74 27 8
61 15 21
58 62 75
77 21 47
27 78 50
37 19 66
69 55 59
78 2 39
67 55 6
56 7 85
41 63 94
54 3 31
42 10 59
34 46 61
44 46 91
42 77 93
4 36 1
72 55 59
26 49 65
40 44 1
19 62 44
61 7 58
27 15 63
19 51 52
6 77 55
45 77 24
15 24 19
52 70 44
5 60 68
52 59 65
80 34 52
75 59 90
28 29 31
59 8 81
54 24 16
28 59 92
58 37 58
78 34 54
30 10 31
70 24 16
59 4 93
39 33 22
57 71 49
42 13 4
49 59 57
11 30 40
80 34 14
53 42 36
20 26 15
19 51 54
25 10 45
20 8 90
79 68 60
7 59 7
27 42 56
5 71 32
61 14 39
9 17 100
29 66 6
30 58 48
68 28 38
22 64 62
50 41 24
7 45 91
22 30 36
76 20 83
57 48 23
75 17 54
11 6 79
30 73 77
72 2 43
65 76 51
47 37 96
75 22 98
63 77 10
9 13 95
